955
19654
57
19286
445
5049
15584
897
18970
2289
2817
13140
8045
14940
4635
11760
18632
1468
16061
14476
169
227
8103
10143
2126
15972
2213
2302
19549
2442
8315
16306
18465
13852
16125
4627
12247
1578
10747
4129
6980
485
15087
3670
8108
12485
16800
8390
7829
3343
19472
1452
15659
9290
18443
8695
12469
6534
13120
3563
5714
627
9832
2732
2671
12520
8949
5965
5487
3860
19248
13857
17886
12788
15833
15169
8302
14553
9899
12509
17033
5888
2281
357
17019
16860
12781
11031
4216
18205
2481
14227
8033
9853
5703
9497
6898
9970
6194
17090
10407
6825
16992
2599
18436
13503
1789
1357
18118
6696
17825
2558
11447
7005
14962
1890
16718
15946
8377
13509
3522
14717
18628
8482
2419
4316
9883
11668
14818
369
3886
4514
5026
11175
2583
8536
6496
14038
11074
11819
9562
1311
12036
17105
13642
13582
5836
5944
4137
8480
19965
8381
3951
3955
13634
18045
6641
11041
19892
5594
13322
7071
1989
11544
4975
9783
4803
7428
6789
10871
11842
17476
5659
13888
17050
725
3402
984
6713
14517
14273
6853
15898
16540
1795
15792
4912
14592
5284
15742
12727
19068
19363
15716
14793
5259
15527
12817
6591
18541
4257
2770
4721
7894
4464
19188
19230
7574
3623
10068
1419
13248
10728
8484
3292
8335
2164
19249
13398
13979
19302
3608
11579
17917
12590
8842
5622
10681
9655
17979
2366
15532
2222
4457
6442
13936
8819
16524
14045
11481
18541
3545
2406
8039
2659
5714
13716
14497
18022
11185
18679
13727
2926
3008
3095
3884
16718
7709
18139
12702
6638
10533
8534
19089
10740
2554
4762
3894
6710
12337
3314
10653
5625
6339
3307
17180
14499
10640
1739
3215
1440
4199
19978
11009
9114
17200
16194
12898
7760
6001
3773
17303
15778
1386
2410
14017
10628
9239
958
13199
15332
9348
1333
18938
15773
8833
11627
16061
594
18750
7031
15969
16655
17320
14434
11434
6204
5373
16428
13848
13184
11020
2511
10203
16737
5117
11604
11945
12451
7249
13260
18575
7384
14921
6940
17391
3138
13511
6502
2486
15704
6012
12554
9045
13273
14462
18221
3486
12816
3106
19902
6013
7508
3447
14518
9251
11035
5551
14709
17036
12895
5728
14152
9305
17172
5298
14675
10538
10485
19021
18170
1184
7556
14415
5833
8768
6294
1137
217
19668
16273
193
15098
14
3596
7683
7057
7967
8678
3589
4686
2120
6495
15213
8069
12264
13687
15364
17410
18685
5300
9516
16778
6060
10326
5086
2226
8452
17606
19618
7534
11914
16000
3190
2602
13065
4389
1812
4799
6931
9219
12210
79
16139
3210
6693
12286
16180
16557
4212
181
11005
7705
4196
9890
398
4374
9986
581
13621
12299
3704
7256
18909
4964
13385
2827
18375
13833
6878
10475
1355
11135
9224
5566
17003
14239
10459
5942
5228
1632
192
7777
4368
2704
203
9156
2591
1401
17860
6270
14321
18951
12154
15483
18138
919
18824
12185
6007
17262
5230
14228
5499
10476
6016
6594
6415
17316
5584
3307
5373
251
7022
3769
16720
19597
17327
3818
13115
6981
6182
17261
1015
8603
5192
15684
8999
9358
11373
12589
17903
6760
19672
12251
8677
2363
1162
19920
160
15399
17037
9221
18948
3776
57
3621
1854
19592
14873
7619
12649
2602
11235
13164
14932
5949
8883
19564
5463
14990
13587
8380
6981
15094
14753
12930
13608
2227
12237
6628
11171
19956
10161
19738
5699
11479
14185
10378
10620
14052
8584
15906
15056
14754
11136
76
8842
18995
6097
12772
12546
18813
3154
15290
4733
16585
1946
12883
17068
17248
5677
1250
6279
16630
4611
452
1053
1936
7295
1779
1076
15304
10968
220
2120
15744
1790
19306
17308
7378
14678
7279
14455
6551
4126
16855
9302
16457
15535
16521
123
2121
12420
5439
4561
8637
16266
9848
14664
1216
15334
14158
18526
17041
1644
7981
18181
19786
10392
15854
4728
17353
9335
2894
6940
202
12503
14350
19330
10369
18939
10131
10371
12662
2644
17818
6710
13106
13810
11410
5459
2443
8029
158
12779
609
8122
2692
5110
15620
10266
16161
8792
17608
5150
17402
1662
2453
2007
17001
12311
11233
3856
10868
5261
11664
7847
4172
17315
9621
11449
19710
13661
2982
19577
16125
16054
2490
1459
10976
9501
7882
13989
9598
10613
1118
19013
14956
17169
9795
11260
14151
5079
17606
14405
12873
6797
4575
16155
17107
7640
6982
9041
12201
17524
9126
7753
12525
12801
16167
12158
7050
4755
10585
1103
17668
9461
5030
19175
15862
933
5939
15937
16254
13503
16852
13484
7246
2615
5799
9596
14191
19209
3434
3204
16517
3758
18923
6065
15384
14990
9560
16928
19899
2350
897
3812
9338
4271
2830
4695
19184
15583
19066
6638
12896
5515
3450
2047
2067
5586
11470
2025
12489
9846
17478
14062
2596
7378
11716
16099
18330
6897
4703
9728
13700
3019
9505
16238
11966
9239
16734
2661
12907
9162
15343
18822
15530
19061
5856
7553
19323
6658
15843
8730
5502
3774
16546
7299
1067
6165
12696
14143
6180
13398
18297
962
6874
640
7797
4165
1881
11438
4225
14585
9567
3735
7953
550
12188
1664
19099
15174
18832
19542
16938
19376
12151
7926
10819
9112
8676
7019
5685
14010
10039
7956
17364
17593
14069
14950
1164
771
9735
1160
8745
8441
2671
17167
3770
1870
9763
18593
5980
3954
12823
4086
1683
1904
5709
16121
16049
14716
17166
15638
11218
13027
18203
15058
15373
17007
9406
12176
676
16560
3862
13160
11429
16552
3191
17401
16766
17770
11962
9958
16234
18111
16800
15212
10757
17605
15443
14543
4636
19439
8030
13049
17880
12474
17747
5923
2042
15345
2870
8235
15644
8766
14764
5603
13313
7059
701
12725
14943
13317
17020
18860
7097
6752
3083
17112
12385
6652
8014
8019
5134
18793
17490
15601
10027
12960
16528
3835
6295
13148
16430
12958
11163
12390
1039
603
17480
19848
9621
13486
12506
15469
13736
9382
2668
4493
4541
472
15183
15404
2436
9576
12308
11647
8633
5959
3763
15901
16084
8576
15708
10525
9012
7730
19783
3263
1930
12692
10966
16025
12904
19505
10101
15923
6146
1274
6115
9795
12018
13595
5336
3214
7014
18708
5114
17545
18905
11201
19121
16394
11131
5899
10347
9514
8188
3798
10766
2763
12599
18095
15551
12458
18438
12054
3137
8752
8383
19853
15490
13140
4392
11726
9782
16978
10424
14011
8714
14251
10145
8443
10044
6981
11031
8259
9292
2006
9377
1568
14552
14019
10142
15210
17156
17069
14520
9768
12147
14524
7394
11434
17882
14271
8919
1538
12816
19522
8754
18514
4336
4052
6464
9998
7060
2879
11347
104
12973
18993
14074
13577
10454
17624
2495
13068
2324
17828
17002
17521
939
14865
17965
19201
10724
12250
10471
7329
1198
7457
14149
6720
2786
2820
18876
15568
16412
478
17227
15666
4137
12590
13844
16959
19060
6867
15686
19504
4077
8940
18831
14439
5206
11497
3155
769
14045
3719
5798
12109
7048
1105
9171
7566
7980
7344
4809
2989
12618
19116
11086
12572
19961
18521
19974
1496
13163
16901
17177
186
7023
11515
95
6154
13145
12023
9915
88
18797
12139
18917
8477
18086
1463
9902
3115
5519
10372
11252
2877
10447
19387
14186
19238
9119
11618
1548
4266
7687
12717
1036
3008
4190
7193
3361
10894
10979
9674
5485
10457
1066
18576
6904
5987
760
14487
9342
2735
14864
15740
11186
8782
9844
9089
2402
4512
10857
11873
3515
5868
12861
15196
15846
855
11328
2427
18945
11624
4770
3223
11607
19994
6792
5362
12722
12695
8371
6822
18846
8802
16389
1396
15434
17810
2709
1537
16970
8842
14478
11832
326
15897
10478
15182
13303
11456
11355
3234
10871
5535
11392
15623
18556
4962
2274
1732
12533
9806
13891
15231
11148
14336
2258
13495
18413
15897
1230
7550
19868
14607
11633
617
19246
4802
10145
8815
1074
8712
5890
14005
18326
18307
222
2704
18699
17220
6573
12784
3498
12694
15963
9518
16128
8751
13188
15035
9819
8246
14340
4836
1250
1872
7246
2312
506
1070
5032
8752
140
12573
2712
8770
1495
2832
18040
4545
5442
8613
7165
15659
4812
6531
3683
12656
2764
9531
16538
4951
14523
5720
6882
6506
8816
8043
14454
130
18935
17945
12301
1697
3262
17680
19210
16768
6022
11527
15302
6624
16408
10489
1028
16384
17164
5055
7630
3983
6807
12798
19610
11136
11227
10587
11962
3837
7368
4944
13400
4982
3521
14130
18990
3590
10232
17374
5634
13393
3047
17898
7469
3801
4538
9912
15380
3420
16038
4537
7893
18348
6630
85
14838
16137
14436
11294
8030
2903
5513
3676
16938
7482
10927
2037
11751
19510
18084
12371
13788
3926
11840
9957
9170
3609
12786
17373
996
9079
8458
2429
2942
10390
14584
9313
2825
19083
3817
3490
692
2801
11467
11073
12892
2815
12967
17951
13545
15424
19707
18878
15457
5554
17188
17086
5326
8256
13142
13099
7400
6600
7205
11527
19796
3859
12671
15611
7246
6378
2017
6821
742
13766
2138
12250
2508
1518
6107
17708
12930
9633
3356
4707
15960
8854
5347
944
3520
13064
13089
16843
17953
19882
775
15100
7277
5939
15287
5765
8775
11777
2768
2723
13009
17832
13496
15576
5870
5028
13714
18020
16969
11382
8310
5161
13531
4941
8877
2905
16492
6587
12017
19497
8136
9278
5479
14896
14207
1074
8506
11298
16537
17524
7179
1772
18929
14599
1653
8111
8853
7235
2627
2782
13915
1427
16104
10951
10107
18490
1455
5016
19785
52
18565
13357
8621
12640
16926
7494
15989
7113
1995
18181
1532
17369
2102
4103
13999
14596
9069
18211
225
8744
19974
5995
14395
18832
5380
17699
16176
769
18413
8655
13881
10707
17529
7002
12194
14276
1667
7801
14017
10157
18780
1595
6497
3086
14762
8445
10269
7406
828
12045
17928
11779
1730
4648
1999
12996
14456
16433
5186
4382
17979
9941
14190
5542
8720
19245
3407
2914
4432
15453
3941
2410
5977
13457
13051
6582
15338
4430
9018
12632
6216
18001
14537
9350
12605
14768
5543
6063
9318
5494
12999
8727
1737
6734
19194
9265
6143
17105
95
3828
15237
17302
12268
10841
9995
10608
1883
11535
4578
200
14540
6151
13400
7319
3240
8502
8621
18156
6548
17496
187
19452
11337
11461
5233
5418
6974
16436
3766
12746
1163
15504
17357
18452
8305
838
9092
553
5676
12130
7264
4066
16425
6052
13399
4738
15024
6882
17689
19642
841
4996
4244
13094
10898
19287
1412
395
13625
8042
15296
4185
16201
13373
16044
15450
1984
2906
16289
15214
5757
14484
7321
5309
1662
4212
7281
12291
16606
17474
4572
8823
2386
18026
8778
8008
4751
17383
1373
7134
5746
1720
5579
7146
19825
2359
19060
6004
14673
18373
519
2223
12677
15142
13265
12760
12653
12958
10099
19924
8540
10217
10512
4976
5877
14019
5447
18427
8200
4789
17540
4774
6596
8193
12621
17041
306
8402
12120
15796
17224
3945
11189
5682
7717
15686
657
19910
3136
11251
6721
9738
16867
11693
19876
1574
9230
8724
19783
10483
18358
15451
11530
3816
3078
12780
623
2262
4356
4067
11220
12648
10424
7219
18063
19467
7986
12420
11130
1003
9812
9549
16784
6414
11579
1311
7792
16408
12358
11666
16733
3804
6166
14263
12091
16778
16465
7333
1060
14331
2046
18631
14872
7529
12674
11397
4648
11154
15413
11050
2662
1604
6950
9321
15133
17820
5460
6180
16518
14831
3513
8896
9477
16471
7709
13737
6769
6193
19080
8849
12243
17666
9142
14625
16288
1744
2883
665
283
18841
11289
14975
9813
11764
19351
267
18672
13256
11913
15803
8266
15676
15082
9801
10627
9064
6297
14293
3867
10987
19974
9553
10752
4640
671
8626
10924
19338
10419
8683
14757
10602
10593
14069
8661
13791
17033
1400
7566
15489
4949
17968
537
5460
11919
90
18312
15640
5668
19088
11644
7595
2414
662
1445
292
19500
19944
18593
3023
18144
5784
19794
434
9312
12118
9306
18145
7956
7674
18600
9332
8640
10887
3532
9505
4565
9712
8997
15828
1303
15617
19495
3832
7783
5149
3689
3484
5936
18880
15807
6798
1211
1962
597
11053
18853
3192
6967
18785
10834
8150
3800
4993
5834
18200
16950
837
15125
11527
9122
12818
17910
11253
2700
6738
13259
12320
9793
9990
621
19907
15404
18195
3169
17098
2649
12564
11321
6065
16307
19807
12955
2436
19278
15325
13074
9322
10202
16544
15100
12561
7333
3698
13676
4727
2436
3987
19556
2813
1090
2252
2594
3730
1487
2852
12858
16063
7817
12347
5296
5271
1675
2205
5558
142
8201
18242
7741
7658
9697
7843
18324
8446
18713
1135
1798
10052
16182
3406
6376
17050
13289
5021
5371
3448
4335
446
14534
15859
13621
14713
2777
4732
6599
9809
3078
11190
6902
7847
3268
17341
16626
12821
14700
12801
2948
12603
510
3108
19229
9681
18466
18323
9628
2032
16617
7273
5436
12641
2733
19388
2363
11636
12568
2662
5872
2609
6483
14422
7296
5098
2841
2947
15326
4625
2957
10574
16365
9975
4861
8425
9754
3338
17906
8713
13590
7349
3898
17095
11463
11264
6574
18035
14531
15120
12261
709
5410
4565
5193
19745
11223
9420
17033
173
9370
9791
17103
14840
17090
9643
19566
5746
6234
7254
16059
19381
11926
17672
9909
18067
13137
1408
17316
12255
7937
6143
17107
8724
17769
5771
12835
2561
7913
6148
12183
19500
10867
2976
2255
2869
1539
19690
4360
13577
4239
15600
9141
7872
12844
3485
302
13031
10315
3398
8224
7879
4410
17231
10178
15419
13817
9618
15608
9997
10541
706
14043
9612
11884
277
4918
4738
5489
17108
760
8857
4154
18836
13892
12344
1553
13269
14472
14932
16456
2897
13921
18303
2875
15625
4760
1710
11380
5799
1020
6692
11742
5997
9757
12130
1125
13382
13130
4206
18668
15630
10298
5056
18672
16742
7834
16041
12717
8502
13566
12545
8674
9633
7815
8953
15744
5751
1847
6487
8117
12649
14488
13791
7572
2627
4392
8843
5814
441
7600
10097
19439
11282
12023
16779
1365
8644
6195
14377
18928
15622
12740
870
18432
19313
1116
6392
53
13911
12577
8197
5014
7761
15326
17076
6051
8175
9421
2195
12049
10644
1490
5790
19878
13514
7829
8402
15089
15508
3391
5478
16447
6249
1692
13988
13190
1184
2068
15896
14521
12191
6524
14976
9269
9394
967
19390
16048
15286
10699
14989
19946
6608
6117
14662
17424
10624
7652
50
12869
11074
17971
11067
4741
5742
4080
10058
18575
14434
4389
2448
963
5456
5843
14995
15665
16649
8604
10558
13008
970
10657
10375
4148
10180
9337
7089
2297
12833
1064
3159
15900
14588
8311
15122
5098
11442
747
6651
11116
16565
2337
751
6113
18513
546
7911
10718
4743
3674
19685
1337
11582
14082
13557
4528
777
18555
19867
17216
18268
16761
17839
2680
12626
10365
5114
3201
18028
18847
4357
9200
4067
8241
16546
12896
13361
7443
10114
9400
3220
14921
2092
4848
8457
9879
14058
6850
5084
12770
13435
8024
8590
17229
12873
18399
16930
8992
3113
4411
12571
5481
5123
1910
1726
456
13409
9255
18821
13335
3163
15430
19521
1351
5488
8497
18973
14437
13510
16226
2274
18863
16298
6833
19327
6672
13849
952
19056
5679
5773
9132
16159
12343
2600
5674
11615
14143
18523
6751
3227
19400
13001
14843
14643
560
7844
3578
6793
17011
7638
5361
4388
14869
2723
18243
5159
2377
7723
19539
3426
6003
19754
17080
1944
18682
18424
6250
19876
15022
9530
12813
4017
6473
4944
5692
8832
18465
12956
19392
13648
16256
19107
8427
11281
11199
19598
4259
3464
4649
1817
18093
5486
8284
6319
12883
11901
7421
14660
14566
14550
16536
19998
18989
1957
14255
4732
15952
16557
5838
15784
11749
5011
15897
9326
15052
6529
14023
6014
6661
3307
5587
2
8909
11029
1881
19596
11708
14834
4110
15668
17901
13599
4196
18966
15768
16095
14044
8043
19445
10463
4965
14303
3341
13364
806
4295
19042
6843
16407
2596
1390
17400
16498
15829
6009
2264
3222
17342
11226
19183
8884
8932
18180
12910
7059
6067
19954
11502
4201
10449
12704
15236
11053
12815
18406
2602
10600
14454
331
7008
4641
19893
10247
19488
12027
4394
6540
4241
9108
14253
13475
14626
17154
17090
11472
14303
3102
18557
5895
4990
15260
5831
19254
1639
2401
12357
19219
10074
4761
16154
12357
10234
13023
2465
6433
6612
14192
2911
5612
9547
3166
9507
4570
7152
7077
2567
16892
11652
11671
14321
10113
13851
5457
12991
11319
14181
1815
16409
4018
17759
19502
19559
643
14414
14296
17843
13373
12902
7695
1374
13381
3358
13748
18365
9470
13730
14785
8543
11302
602
13505
2304
18073
14307
13472
15837
6336
8774
14463
18282
1699
2252
1993
3319
10193
16199
15293
5108
69
8251
14131
15326
7074
15337
18060
9886
16115
12332
14444
16648
11580
16973
8697
8344
6655
8712
11692
18308
12171
16762
11827
2960
19832
14273
14897
17844
1484
14233
6892
18675
19807
12543
13883
119
13882
10517
12218
1982
15446
10749
12575
2659
15360
15767
16352
8229
14329
8929
4763
17787
17918
12365
17769
939
2916
14575
13321
7327
8682
11143
9581
6828
16534
8104
8717
7805
10801
2910
17359
4958
16518
9547
8675
3506
15254
12832
2476
14654
12132
9226
11265
6448
8205
19139
13787
9826
12842
13666
1835
16600
17188
12417
6200
9415
9867
778
12907
14810
819
10580
13626
17407
14104
7670
14866
1485
9417
10084
9571
121
19605
9877
10702
11341
13365
8427
9252
15118
954
11624
8909
3293
19998
14053
17186
17204
17259
15607
16813
7974
13166
1390
9963
12496
2807
1910
8519
14085
3635
129
16863
15191
18911
4377
9489
14365
8793
4946
3180
16105
9944
3947
4627
4929
6392
2472
4318
14853
10827
6695
13659
11862
2317
9261
10481
12361
9205
12410
3273
11092
12734
1731
9462
6759
13482
17606
16207
2671
17799
11576
7313
10207
8848
5214
3833
3833
13353
10588
11308
9045
12421
7588
12308
6640
19147
3293
449
4478
6688
8315
16439
4651
6483
14578
19481
11657
2872
5105
6211
5082
5252
154
8452
18480
6262
89
17817
2426
1076
6529
19521
3840
19151
8385
14964
6587
14649
18845
6163
5683
17268
7127
17889
2898
11579
10224
11178
15393
16542
7733
737
6775
9137
12083
2302
15028
4547
13245
4318
16727
7470
8671
14921
9388
17207
12725
14427
5338
9729
13516
18815
9789
16090
8661
15196
12572
16518
4702
6339
13368
14023
4145
5674
13479
977
2425
4102
8860
9236
11593
16790
6322
5710
4805
16999
13734
16671
16165
11730
6637
6855
12301
11594
15021
15541
9651
18669
9904
16255
8176
18515
3739
4791
5066
13136
15473
3680
4481
3478
13921
17057
9354
6090
7309
13218
6900
6203
12991
18549
4936
5509
6207
1541
16048
9003
1319
1449
17908
17717
4786
7506
17148
10806
11361
7031
2614
18012
18650
1822
6001
12189
7033
2521
734
11473
968
7430
16376
8457
5193
19796
9796
7497
3898
11011
15882
19841
12190
5203
12918
3059
4654
19919
9733
7639
10440
7358
5075
9124
691
10278
8074
15046
19179
18120
3248
5039
13982
1862
7485
8487
17912
16705
10151
19733
19551
5104
13643
2156
10767
19327
18291
18545
18557
8800
12505
7395
19837
18310
4264
14936
6369
6826
824
8793
2113
1569
11923
13973
313
15632
19778
13700
13295
19986
7628
19637
8946
18698
17401
7798
14718
11890
7827
4103
8024
11743
2802
3161
15698
11415
3741
19452
9706
19680
108
16349
6385
12882
14136
13478
1453
18198
3214
9094
2201
19816
9739
1647
17529
16401
16146
3344
14371
8058
5624
8081
8577
17030
2430
6376
8294
1123
2119
13720
19583
11082
15337
14875
8091
7227
7537
6954
18883
6729
9204
2619
5055
6108
218
19371
16023
11537
7465
13303
19443
6289
9201
1001
19017
6103
19901
12617
9745
12721
14240
4424
18741
70
15687
3234
10061
16474
16894
9352
19324
4293
16078
2717
3530
18383
8627
13514
14972
4169
12855
17164
8277
9413
3332
7497
11729
1734
10762
7730
17115
7747
7456
3992
7936
19261
11590
1890
3124
16432
18614
14502
16609
10954
9370
16415
14743
3474
18536
1718
9298
16369
11677
8072
19782
7929
1778
132
15862
2651
10330
7800
9292
18122
8482
6258
1293
8573
8032
2563
15610
5101
8249
15761
2219
6362
16949
1683
8902
10727
11711
12220
16934
4635
13384
6140
7225
7093
12284
9829
6033
8737
14817
4737
11939
16820
15735
6230
14159
16473
12817
5757
11688
16989
3564
10445
17994
12333
16508
6930
15811
16323
15970
13288
2219
16390
19595
18364
13358
19393
10672
965
11380
11488
17105
9265
18852
5301
8573
11246
454
19249
8841
2577
9945
18906
6132
191
1272
2497
6665
8334
10374
6159
15093
608
15097
1819
3031
1930
8506
15981
4558
2317
10594
8367
5432
18458
14191
4481
4342
19026
1294
6596
19567
9393
6458
10934
9145
3261
10139
2009
6843
4052
6218
471
1797
8582
14579
15004
5907
8982
2203
8197
4168
9502
16234
1254
18371
16972
17026
17952
6613
641
286
5788
12226
3747
15111
6916
7369
11589
10330
9086
2315
5114
770
9438
14047
12498
5998
4244
18972
4842
14264
17109
14204
14951
12228
13626
9815
18559
4990
15087
12872
2233
15629
18279
14397
2756
582
1742
8354
7600
7646
19617
5793
18334
17003
4424
3872
5113
6431
13886
16318
12072
8721
5341
11728
11008
17195
10929
14453
243
534
19493
1009
17216
272
10050
8205
5745
13631
19955
18358
13555
18132
11582
10341
19740
17918
11157
16546
1710
19277
13941
6368
11639
19658
8346
2789
4340
2690
7536
3224
16988
18761
10943
15631
2752
4075
4107
4635
9980
8334
3643
8625
1001
82
19756
17496
11503
3081
16551
11734
81
15455
15287
11120
14477
9370
14326
19029
5005
2235
5856
4037
12365
19872
11516
440
5583
12161
3112
2667
3382
3897
3809
1365
14341
12281
8080
15268
17087
2359
16594
4358
11599
13969
11103
12399
15539
13115
8688
19471
14222
11385
10814
15643
3744
6735
6457
17134
14225
4281
1384
4152
1016
4585
11089
6424
6613
12888
16199
2352
14748
16073
15974
16883
8810
1706
5597
15075
13137
6548
3893
6126
7413
2794
13794
18066
4122
10506
1175
11932
10217
4503
12109
76
2016
546
5291
13410
9597
10153
3256
8152
13817
8793
1800
16780
17304
3583
2824
12460
3793
11538
4933
13732
14128
15344
7057
10291
6669
9707
7916
17742
6094
12930
7651
5804
9122
12894
19728
5217
1361
2302
2607
3795
5512
12041
17629
18621
18690
539
722
16803
17491
13987
14531
5639
12314
5193
19954
13677
5157
2095
2955
5857
3618
17291
1332
19803
564
9962
5317
19333
918
8420
5458
119
12348
7062
3652
3931
18902
9437
13888
819
13689
1086
10511
3113
13537
18351
19518
4234
11556
13262
9291
1196
8325
18254
14579
8495
4735
16688
4522
11598
1511
4078
9771
15805
14971
9802
12762
10545
2482
3035
17393
7824
15455
6434
9831
14126
13647
1476
12498
17913
810
6480
9796
14754
7520
18260
5415
18332
5970
956
11217
15894
14086
3237
13581
19663
10926
19887
11402
14210
19369
12374
17543
12107
13146
11620
1220
19701
1562
11225
3948
17825
8286
18058
1353
7383
19301
7085
12676
13395
10902
9977
19416
11071
2236
6465
6079
13960
13354
14105
2356
4502
2055
18182
17122
4101
6063
4622
8315
5991
3926
19359
15486
2585
15131
13672
9821
13614
4322
13722
8461
18586
18692
11979
14095
765
5921
15675
9013
12838
13176
5723
19906
13086
15179
1276
15022
571
17186
5466
17042
19842
8344
9724
7640
17703
3594
17613
9845
1027
11093
4062
11141
15121
17146
10226
13767
4492
12064
4070
16338
14366
3859
18569
16831
10637
13808
7379
19228
15272
4804
19712
13018
7329
9524
12205
1686
17225
12758
10177
19478
8902
291
11542
13076
726
13696
16210
4267
15730
15158
19653
16899
16128
17609
14833
2690
1801
13488
838
5870
4494
14633
10473
8538
10177
12479
16058
2288
17831
14148
10510
6165
14061
8561
11710
16911
11317
4466
3323
17042
4927
12586
10099
4813
12068
18755
4629
841
14145
18836
9181
5357
16171
15469
11364
5806
13347
19455
6821
8817
10284
17799
8349
5974
16131
7056
2187
18125
16355
2964
19776
10904
10358
10742
9516
1836
3005
1789
3618
1526
13488
10247
6967
5545
6405
16077
4706
5435
9536
17609
8408
11073
8152
2565
18636
13926
10519
15035
19525
15988
14
480
10811
11539
10932
754
15591
7110
18246
12016
11381
12669
17031
9602
9583
13021
1825
1434
4009
1171
12206
8131
7096
6658
11140
13253
17079
7377
18286
12535
13210
11021
6763
9945
13321
17000
3023
8912
3651
3317
17605
2776
16762
220
6488
11238
17205
17593
8839
13817
18988
19894
16854
11176
7520
16226
7179
2927
4145
9005
9924
10034
13010
1818
17511
7555
12890
10859
14954
7545
6785
7091
4379
5161
1207
4134
17589
10118
11950
13341
74
6644
18330
10247
17004
16345
11569
2461
141
6898
10355
18846
17786
15663
7876
3795
8735
19902
17948
4546
14286
12871
17880
4427
3927
1051
17513
18871
7287
7366
8455
15088
2623
12077
6144
9707
11221
10603
16105
1035
2517
14712
4308
781
11475
17485
14355
13835
9653
18297
985
3704
5746
16858
7049
10278
9091
16964
1568
1853
13494
8524
15458
6536
13262
18045
16132
16475
1850
7830
3991
17262
17084
8000
13587
365
16862
6978
8372
14055
14243
17121
11295
14194
5355
15101
3883
9719
13467
6079
18302
11463
1738
13043
10904
1333
2736
5190
17987
14278
12817
1828
2247
11105
17182
13180
3354
16293
866
4554
8455
17693
15206
12267
13914
12774
7697
15917
12565
6605
15938
8779
7546
873
18535
8153
4592
2693
4030
12027
19219
17170
6202
1922
9150
16038
3379
7438
4801
5792
15329
3860
16689
2907
8245
9959
18957
1746
17498
15505
5954
1939
12892
4546
8206
14571
1243
12324
14978
7901
14431
17727
10164
3662
19555
19905
5595
10141
11935
15279
18244
3861
731
18676
17294
1595
990
7054
6292
1256
3969
355
17163
7557
9790
11388
9603
9050
12582
13095
17973
18304
16437
8519
8527
18080
6322
1953
19980
13747
840
9370
3782
16633
17946
16657
16039
14009
4844
9741
7484
9101
3915
10746
2366
7486
7296
6956
18261
1653
3560
17721
1811
11245
19097
7528
18249
7888
16251
59
8709
9882
15847
11579
17140
3062
8539
104
11358
18247
11406
1491
12071
5853
18679
10513
2678
5705
3723
5846
7422
13760
7461
4236
4532
18590
11012
16060
13312
1358
3790
745
11963
2086
4263
19497
15601
18267
7924
15258
1774
13315
9643
13384
9928
16833
2378
3898
17976
10371
12801
16976
10073
5509
16627
11953
13024
1561
16163
15982
10894
9126
18890
13710
4826
13274
18381
12548
14034
12890
11123
4759
7281
14848
13262
5846
13541
3315
15825
6777
14565
2326
5380
450
3420
1598
16788
6452
16495
1057
12788
15822
5679
458
9605
182
1349
14012
7353
13772
13783
16997
232
7469
13218
5731
11003
18068
17238
17892
10705
12798
7868
13918
13453
17679
12311
13101
17324
14418
19961
16865
747
3220
6281
1694
12319
13451
2673
8538
18662
2939
1103
46
18114
7943
126
12019
14751
3157
8149
1735
19131
9377
13238
2816
8910
9050
16288
10787
3535
15949
18014
6850
3129
4199
14611
16064
13006
8239
16483
4536
23
454
4911
19316
13346
9940
11393
718
1861
6785
927
16501
9160
19070
3059
19940
14420
1223
17610
10634
10548
11598
18992
8859
6792
16599
402
417
18321
7060
12666
10157
14290
17115
10222
6642
18852
8285
5795
4741
19440
2324
6583
12213
16505
13051
19838
17870
13670
8560
18521
6712
15376
3098
13391
15800
8387
3623
9055
4489
17022
8981
5192
856
10170
17231
8858
4804
11577
447
16750
5863
2026
17038
19706
14721
5435
6847
10720
10633
15464
10929
5073
497
13738
5219
15680
5568
9836
16031
11820
1217
14013
16557
11194
5952
1266
11620
19022
5231
14110
11976
15791
11240
12898
19814
4614
11021
10845
10189
5823
15195
15770
15633
10052
16348
9242
10185
1203
16697
15064
14061
15670
10752
12992
10723
3448
4317
1928
8363
15771
17071
14280
12233
18283
10506
15932
14148
13296
14875
12522
2782
5903
14513
14308
2138
12878
17844
12481
11716
8599
4759
16775
211
1342
3658
7467
191
5159
14874
1882
13204
4245
5564
10060
5174
4311
18858
12110
12437
8582
2021
1852
16642
13393
4551
19423
17288
16673
12347
18610
11894
942
241
8672
4917
13805
7418
14028
15004
3263
2123
19237
14582
3904
15213
1548
188
12798
10700
7565
5496
11928
954
9749
9565
9963
419
8331
292
3227
7191
9591
4025
2809
17220
9201
11803
9629
15707
12530
2233
2020
13794
9071
8153
377
111
9252
9970
5363
4738
11448
9424
17049
3386
5818
5345
6746
17165
4425
17359
12947
8291
4837
2798
1474
145
17284
11351
3072
5581
12081
2963
2141
1507
19276
7221
5489
7885
9392
18558
8208
18485
14007
19686
2444
15665
11593
1739
6871
1097
8989
3973
17575
3250
5080
2904
4622
7165
27
8488
2669
6672
5546
3223
7756
6088
9865
1500
12170
1684
11063
7582
18818
13440
11516
15716
14186
5118
16378
2428
12960
3375
5706
17540
16662
17629
8763
3437
6086
12194
1889
12821
16946
12173
10929
18882
4293
5353
15464
16612
16916
7191
16575
11509
16568
6229
18905
12630
3405
9857
659
9769
2896
12846
10861
16278
8960
18730
18995
8995
13055
18646
15720
2180
2216
1098
446
469
945
15887
16165
7806
5643
18303
18261
13539
12345
4265
6157
1285
32
19675
19087
14561
13992
16014
3567
8159
7519
4779
2640
9141
1657
6715
297
14472
9503
12118
4253
2809
11408
1042
13798
8984
5599
16639
12793
17453
10916
11284
9146
5743
7545
4891
8308
7860
3316
2308
3208
16879
16491
2736
9676
5590
3339
12662
19898
5972
16540
7464
13877
13997
8298
4415
10488
9472
17060
2035
14016
2796
1355
6000
18566
17315
401
11119
19239
59
14912
10288
9524
4748
8299
5151
665
11783
9579
14112
19413
19666
1464
1357
5225
11711
13149
8330
10837
17562
12874
19768
4129
7066
9359
13011
8475
4698
7063
5238
8662
7414
4100
1107
18163
19728
18497
4421
9064
4517
285
1668
267
12588
12131
7165
10788
7796
19023
13107
3230
7545
12994
3355
15735
15051
12147
5416
5100
4399
3608
18537
15092
16226
8753
12543
15032
10381
6867
745
14845
14313
3030
110
19575
12705
17446
3927
11462
13639
18292
4643
19729
12667
6727
9356
658
10478
16307
16484
11093
7037
12571
11593
4683
8805
18116
18127
7735
466
8802
9379
18190
1284
7803
3163
13366
14857
6130
19049
1302
11782
6988
3737
4193
18916
16709
5592
17882
15899
10146
11410
346
1203
563
6092
16959
18202
17995
13127
18962
17615
2535
8039
1191
19659
4904
19896
4902
19746
7574
7820
2252
16571
306
7145
13834
15087
13613
18190
2403
9215
17735
12305
3864
2827
12912
13520
17983
17668
16824
9618
19102
8478
19337
9352
9903
12385
17085
17706
12540
6558
6745
953
18893
13722
13219
3822
7513
1365
676
8318
637
17312
5567
14966
14163
1217
3543
2609
17082
11952
4237
12994
10118
2778
4917
8901
12748
15025
6935
9054
15731
3337
13000
16413
5232
6294
7263
15457
14964
4426
8269
2106
10987
9416
8775
48
9840
11060
19125
10003
4192
11089
3701
15075
798
734
2566
11554
13036
9876
6547
3662
10764
3320
17141
18412
15875
2593
10623
5427
7764
7953
8718
4646
16345
13845
1
12027
16650
9814
17138
1230
12667
11783
10511
1149
8826
5932
6115
17529
6099
17622
9958
16905
865
5881
10650
8162
16080
12363
17692
18946
18136
17923
10621
4489
6483
15481
19429
16407
6963
18660
14142
14031
7422
4458
14933
634
18161
6149
5700
8899
688
12813
17660
17972
3583
19193
16872
2357
17008
298
12297
16624
10923
17953
598
10566
444
2267
7865
5780
17107
15706
8552
18772
6936
16751
2253
1876
4184
14924
9097
1531
6637
10769
14692
18110
10612
19692
1903
9535
15416
8190
16265
10414
19083
2055
2553
13513
16168
18205
13235
4460
17182
1200
19892
10838
3668
12031
10946
14510
7530
927
4226
6950
13497
1254
6282
19481
19514
19393
2637
4947
14685
6541
66
4896
19279
8886
10617
13691
8542
12291
4254
2257
16787
5122
19383
1995
5956
12784
17393
18550
14578
16386
5328
17175
9846
13856
2779
8745
15487
2526
14324
5551
13190
17958
17184
5607
13059
4362
13623
13098
5200
12287
14783
19150
2678
14158
1717
8522
15946
1961
12634
16934
19793
19558
6796
18191
11375
1711
14088
3444
7528
442
18542
9555
4981
3721
1600
5831
5628
13010
12912
16206
15338
613
964
5262
3256
8631
10931
7509
6092
5616
11383
7737
2431
17996
10499
11832
9044
2360
5604
16039
19860
17520
8639
6895
15714
3633
11072
3637
15045
7588
19609
8790
7541
13443
17157
15126
15702
18891
17519
3706
12641
7912
8776
4105
10127
8750
15827
589
10264
19526
3422
6337
10676
271
7545
12114
17291
6390
13360
12562
11788
16844
15406
4755
18397
11953
15982
2474
17070
12221
1776
7940
19754
9254
19218
14587
17044
4807
6837
17284
2573
18683
2385
4090
18172
2696
16541
8507
8591
11421
10732
16174
7314
19560
7438
10915
18307
2417
4387
6225
12441
5086
9904
2006
1988
13503
7387
4042
4276
1254
8708
6587
1018
18893
10375
2562
10042
19167
10087
16472
13650
10987
12499
7334
15904
18194
7905
3297
13690
17933
6672
12393
15743
18225
2078
2722
11129
10148
1257
6764
11051
1705
14711
10597
12141
6837
2339
11350
7029
11251
17372
18104
18909
7466
1480
9407
11001
17170
5815
4220
10834
19293
524
8815
10657
8994
6370
8054
11636
10564
9306
15258
15487
9477
4037
11177
4502
11354
13866
17096
1265
2031
8759
13618
5417
2725
18073
17326
17191
11500
14149
14170
10258
966
5354
6211
16875
18961
15370
19021
7425
8010
15221
16182
17911
10285
19220
1937
14914
842
2
11033
1536
17698
2901
14859
746
11770
7141
6448
8310
12847
1793
7312
13315
10334
13282
9586
1757
14027
11483
13652
4773
10428
16270
11369
17701
9568
2409
13510
14689
12723
19901
15237
9906
7978
6862
15060
16570
4604
14198
8009
8897
13702
15482
10086
7468
7010
8018
13009
7433
7345
8
8777
11248
6844
18105
5041
13343
14555
18383
7202
10336
15322
17323
13160
539
4006
5060
5848
10811
10564
15999
1476
3191
12817
2899
265
9835
11858
5291
14049
11384
2376
8441
4107
9392
13893
6793
4688
17497
1578
14048
8873
4026
2457
5670
16058
18902
5332
4395
3758
612
10124
18636
18888
19318
6112
3624
2747
7217
4976
14168
718
5513
6874
17080
1664
7730
15920
8237
9393
10302
5468
18614
10319
6932
7034
17445
4384
19076
11066
18673
5196
10835
11571
18582
12858
17208
9015
1458
14135
15885
4443
3862
194
12038
9674
6593
5535
15182
12061
14896
16038
12298
19909
16987
3572
13478
10430
96
16420
7419
8954
6671
6174
19229
11907
5114
9558
751
867
12508
4251
7245
6578
1919
3881
13652
11430
18332
14012
1093
17239
11879
17592
10287
4783
3865
7645
11544
7526
11523
14255
7780
12966
410
15054
16029
14211
16967
11809
9285
4584
1428
13277
385
14849
3073
17792
2059
18787
5095
16937
7146
17763
18716
7993
547
10932
535
8812
18038
8329
12548
4495
16831
16379
7678
16451
4384
10626
2308
17388
17876
16825
18310
4603
11248
15330
10791
18665
1973
2484
4110
8021
17825
4221
5436
15444
2218
9164
113
6669
4146
8266
15873
19962
9689
11291
12930
2249
3051
6499
3143
269
1501
5055
17463
6607
19872
8215
8625
17141
18272
6003
14821
756
10579
16671
14202
14144
18719
11628
6156
10861
13268
14623
166
14061
18729
1042
2465
2526
16486
6493
13982
9079
7911
1342
9926
16431
4657
19060
7355
15351
3031
12318
2573
7139
3769
1527
2086
13546
1858
2408
16726
8059
17030
11644
5388
13404
15074
7790
18005
461
14122
437
11594
6061
2906
12032
13383
17797
13274
3594
8505
7854
13613
19401
12666
11919
15854
19787
16928
8549
3757
18224
758
13291
1300
8235
2106
5140
6193
15512
19871
11207
11945
17820
10542
13602
15603
3276
5109
15274
14198
10941
1165
12959
15071
7255
7427
12175
15536
5234
11198
10647
11568
15939
1323
8234
4415
17962
16365
17514
18166
5660
11765
2943
4325
858
4685
11457
8618
7770
9768
9917
16537
3377
19555
12950
16308
2293
6103
2987
13162
18663
17816
3203
2977
4560
2673
11831
1282
388
4353
18132
15432
6604
9051
17697
17006
10745
8542
18792
14148
7917
11304
8455
16964
4084
6155
2733
16428
19610
6512
6450
12861
12348
13125
3663
4710
10685
494
12174
3423
5485
2968
12858
11753
9355
17421
19182
8877
8116
2263
4297
13685
10167
14720
8827
10288
19509
19649
6224
2837
13537
15273
162
14687
4077
16857
15883
17144
5453
1728
3213
19795
5849
2186
1814
19382
13109
2284
13607
17111
17557
12792
17233
7354
10400
10972
2404
1420
2405
15371
17727
3274
3081
18053
3497
19116
8792
11728
2561
7478
14847
7878
10793
15788
18515
5944
6859
10911
13269
14125
5315
15569
2307
14085
19717
10342
19115
15178
568
14424
19495
5602
4968
2619
17880
13812
5247
628
19854
13144
5298
11619
5975
13526
1078
4741
6378
19201
7410
14888
19480
519
14058
18568
1159
18283
928
3000
13689
11489
11513
10020
11259
14911
9366
3272
5812
10616
6024
793
19695
5151
19623
14246
17688
13502
13633
2819
17003
4783
7510
11716
16262
2078
7191
19631
4113
5344
13509
13425
7550
14883
15094
6544
11099
8139
7311
8425
19575
17243
9504
17974
5399
14962
13491
13606
12988
12318
14756
11278
14093
5475
433
7521
198
17624
13875
423
5653
11331
18276
19379
5129
1122
17762
8376
8998
15604
8943
2557
3376
4509
16312
4034
9574
17681
14732
4865
16435
14668
2630
12092
8908
15749
2080
18525
16893
19822
13007
2678
1000
1193
3936
18745
15373
2559
12556
1760
3147
4093
12563
6001
1121
2731
2873
19008
8824
14049
13608
922
12316
11800
5101
19157
14978
13097
14320
374
5665
16085
10836
10087
18475
16908
5234
6208
6424
10633
18065
17564
10801
9185
18237
5115
3632
14157
1383
17210
12204
1780
16216
16188
634
5111
7268
8253
12981
10684
1234
8177
19986
2041
7917
5126
5673
13531
6764
15192
8074
5364
18145
9618
286
8130
3231
14149
4863
6195
10364
11830
3422
1299
17075
3933
457
14260
14813
3062
11784
19349
6048
18752
8702
12542
11796
5383
3159
6311
11587
15290
12630
19303
600
15518
6491
3324
12993
4909
14426
10692
8746
180
12665
17060
14068
18936
16899
4604
5776
19251
12015
12904
17862
13635
13934
7342
4165
14002
4909
12822
12222
7760
11834
9807
6837
16674
19553
1016
7630
15930
15011
909
18777
7676
462
6572
8410
539
6166
11191
9665
9550
16507
13396
699
3609
11397
6459
15004
19950
14167
5416
7242
10329
15274
7923
2585
1074
14859
468
3316
11893
12415
5195
8946
12561
10142
13491
11965
14387
8955
17800
16705
6482
9628
2132
9752
2381
9063
8702
4379
10990
118
3078
9691
16165
11507
12754
15589
13290
8498
12455
2512
12225
11959
3617
14618
1253
4021
16036
7389
14948
11999
5254
5400
6903
16795
12627
11018
594
13988
17885
4796
12750
15018
11610
18225
6185
19552
8230
6451
4944
18152
14191
12411
1435
8923
6060
7301
6939
3969
5565
8261
7780
17314
3981
15330
14237
10432
1395
7716
10305
15064
9342
17960
10160
1942
5657
7159
9001
155
9953
3924
6780
7205
12873
19768
14322
6267
1051
13045
7473
12169
12529
7823
17363
19103
4073
18198
19027
2970
11888
768
18131
4325
12994
10096
3018
19373
15962
17594
8600
14825
4080
604
13805
13342
7191
9250
10622
10030
2102
15224
4177
2941
13025
4452
18821
9585
17111
16303
19393
3093
12318
8328
13780
9387
5975
17704
1302
7338
8359
2065
3651
13963
8334
2942
5794
8523
6695
17825
7676
8064
13632
11922
2536
14046
12074
19957
11002
16412
547
10290
14906
14920
9277
6810
5899
3342
17331
5675
11857
2903
6807
3211
8967
6364
2827
12683
15420
9954
1742
9811
15587
16845
12087
4063
2421
18250
15647
16089
11029
8949
10706
4174
7157
8805
10658
6705
15105
647
18602
19033
3814
7859
12659
18078
10485
14670
19894
2389
15568
11173
18747
5162
911
10623
339
677
16021
14634
13103
19936
582
13457
14930
11481
14290
16806
10779
5687
17787
13197
10861
10979
4456
4222
9969
13387
12729
13755
8593
19369
1970
819
18977
13797
5500
8683
7376
19519
17006
12079
5489
4308
18344
11100
5127
12410
6378
7581
12669
7808
14766
6616
10607
17765
312
4741
11441
4132
2823
5072
9846
5854
19297
641
9317
13808
11327
15191
1248
8498
15299
15314
9075
487
6964
1018
19780
13219
8917
6742
13328
12927
6520
12782
10847
6904
19735
15516
5689
4511
3415
16433
12859
1978
10762
6754
18153
7367
14669
16914
3890
10911
14640
13825
8110
5845
2520
6321
14437
10870
8061
9307
5839
18022
11500
12120
1361
14535
19969
14059
8926
2513
10880
11864
4962
12518
5510
11635
3556
15310
448
8083
15990
10536
161
4931
6374
4422
12929
19852
9898
19515
12701
16241
16540
10872
16580
3698
10574
1839
7519
10915
12981
2117
4445
4291
11959
13488
18008
8343
15480
14158
4251
6020
3157
13524
19316
8746
1332
13842
7978
19597
15922
584
5641
7718
7200
2422
12025
18360
3942
9258
6499
11395
12764
18176
1101
1809
4323
9577
15779
3536
11642
17932
8213
5134
15418
10012
13959
4549
14620
1752
19730
585
18840
10992
17867
4254
3471
11390
9357
2335
13551
18353
15710
8969
9889
7368
7282
18480
7410
15329
16431
9298
19885
9147
2043
5766
15077
2234
7553
13880
17069
14978
8254
17771
6245
15133
5559
18100
12906
4922
7539
10894
11580
17738
5196
16441
1913
19072
18553
5723
9993
16820
4011
1309
13285
6594
3875
14254
19130
3603
14590
16802
2551
3110
4258
5049
13748
5754
3535
8357
13702
2253
2824
623
6923
10324
10911
4510
11503
6389
18615
19641
2778
4583
6243
7915
9513
12911
5704
5265
9473
4238
3803
14459
12628
12632
18512
379
5040
11047
15684
4880
5119
1763
1730
6898
18103
9492
13891
10015
13243
2092
8087
15765
12782
13485
3153
11247
16867
12529
15787
3239
937
1245
17933
19036
18448
2142
8939
16021
1732
14432
457
8065
10428
10043
13422
3720
4948
42
16876
15617
3589
12326
18955
19884
18047
6315
18755
4000
5840
1351
14857
187
18675
13121
8805
4093
10374
5903
19674
15600
893
5200
2728
8900
17206
6721
5362
2747
15895
7510
2355
9957
10280
8869
4670
14671
378
11994
3940
5101
10267
13176
599
18049
19931
10219
792
13117
11118
3325
16215
15392
19293
17654
1211
3984
11556
16164
11096
8101
19998
11410
11211
15558
17404
9187
4322
12990
15000
7859
13518
15956
3440
8140
12305
18573
15074
9864
4789
19601
17523
4154
10269
12309
12594
5406
12356
9484
12324
1898
8262
14986
13288
50
11657
8327
16847
19695
12751
7662
12321
9021
12458
12251
10856
6791
2455
8609
7864
17694
9165
17750
5493
6819
147
14729
4338
1093
2203
17686
691
15980
6738
7924
15115
13049
2123
7743
6410
19312
7637
8167
1959
15165
10256
8244
19412
8108
2635
1495
9717
2570
11115
11800
12153
9293
10132
10342
6001
386
3758
19787
4534
12082
3584
4576
12765
18977
4925
18915
7291
4290
294
12805
9161
19255
13065
7788
2146
17819
11048
3158
4838
16371
797
11641
15297
2135
10492
2760
1032
5539
13865
3317
10555
4027
6125
4577
4602
18493
13129
12254
14258
18446
15550
11945
14632
1611
12384
5053
889
13999
5800
13114
17232
18628
17919
12633
7186
7816
2805
15336
17167
19095
9069
3240
5224
9300
13195
5916
14378
8493
15855
16098
852
19809
1343
3762
6587
17963
7920
16066
9333
6751
14080
139
330
4505
8788
9488
4006
5603
10404
16429
13184
19216
3136
870
9376
2615
5068
9609
1837
9008
3857
10360
5678
8271
13897
9187
4255
10552
17862
17370
8925
3146
586
13495
12801
15092
12525
13319
19117
2017
15079
7236
6381
18964
15926
5782
7459
4719
7224
10157
15883
14910
17631
6379
14988
8158
5020
1113
18770
7156
16127
9592
5589
938
1362
333
15890
1642
9722
18160
9852
17936
1310
10078
5237
1574
9066
4817
11845
9098
10433
3802
8445
10963
12821
7918
4417
13788
8646
9059
3922
15196
8198
9021
18010
19584
15050
413
16945
15551
12305
17937
19644
11010
9914
3757
9497
12872
19032
13518
6098
9363
12889
5215
6528
5959
9535
14336
15699
7671
18147
5882
18354
4364
11576
15241
2028
19125
9155
15479
4974
3381
13480
16555
4312
13862
2142
7440
1415
3528
3596
2
6744
13020
9979
5300
13302
5062
12944
1637
18507
13701
230
11636
4423
13479
7174
18113
11396
10144
1530
4248
19809
14416
6137
11862
11387
2487
18463
8911
2283
2302
2370
5559
445
17849
1285
17260
1097
5407
19642
9986
169
15729
13514
11583
14900
10816
12621
12940
8386
19280
18272
10748
16326
18760
19350
18418
5451
3947
10049
7600
1441
4141
5764
14260
2158
8887
9519
8765
3176
19890
2601
5831
16630
19110
12046
966
15792
17981
6476
3848
18064
18820
6921
18051
15694
15693
11596
18798
9330
5830
19797
10203
15367
12069
2522
5760
7932
3650
13013
9828
473
7361
13259
8517
5533
2391
10514
14079
2128
2618
15680
5712
14379
722
542
9389
1039
6434
15294
14614
5618
12625
11464
17795
18056
5896
2066
5967
13437
10473
9267
3298
5672
11191
872
16345
15613
12726
3180
4656
2989
8572
9038
13299
12520
8997
8829
7243
6590
16669
19588
2834
9121
355
16164
6219
17359
7461
19050
7571
14964
1718
5158
5813
14351
2686
15248
7742
7861
8899
16198
2012
3289
981
17760
15296
19605
4394
10042
261
19695
253
2568
6975
11590
15295
17736
13596
17080
13661
5693
15957
19432
7280
4061
11376
16851
18676
15046
4222
11811
2491
11477
18384
2673
2755
11631
11635
14663
6118
12485
18485
16663
17893
19072
14547
748
14142
12587
8282
13535
9475
2961
18524
15178
18567
12749
14599
3937
1839
17725
18352
5824
11281
9695
13285
6903
3961
15669
10683
830
17542
7085
7182
4411
19311
5696
1434
6003
3019
11888
342
2000
15409
10814
402
2234
14344
18601
18470
14270
19584
9942
7044
6491
2458
1444
16371
6730
3850
3348
6392
18632
2027
13367
8102
19928
18648
3697
18635
5268
7379
6910
9558
12579
13868
10080
18693
12156
3381
4440
1598
15123
4754
10055
3376
8344
19518
9546
4163
2115
15450
145
15192
3041
5276
9251
7568
11665
8015
9931
11872
18709
9884
1396
8767
13058
1274
10198
3569
14949
777
2708
1417
3086
4202
9460
14526
12043
15125
2422
8540
600
17479
2726
18193
18570
1224
11967
18509
17013
803
5121
6359
3840
5235
6898
19804
8298
14078
4638
15690
11217
16539
10868
10196
9990
2514
4228
19252
1225
18477
8002
9977
8514
11804
920
3739
2072
16741
12345
11573
7245
2323
5447
10730
4257
16679
15824
7232
3400
7716
9810
890
17964
18716
19316
3908
16282
11357
9339
10387
1296
18523
12564
10967
3711
11673
15714
3372
13310
19145
7191
7226
19315
3958
2389
18108
13717
4975
19531
18913
10979
5670
4922
10565
9442
14151
9134
11138
18321
9389
4539
17983
8334
9416
3043
13666
17604
568
19416
1874
4644
16065
14157
6276
1680
997
8623
15872
10946
7215
12516
11997
3192
14547
16247
10398
16715
26
1898
17744
6153
15295
14236
3856
9879
1569
17859
15376
19953
4729
12943
6931
11631
1877
12576
3422
18641
3509
12272
2422
8093
9057
13959
11048
14060
5134
15113
10097
8445
16263
3807
16271
16730
16947
4509
18026
18667
18735
17017
14391
12366
15914
15189
9918
13757
11054
5860
18880
11335
17993
1222
6524
4089
18106
14861
9856
12807
13777
12204
3755
12352
6502
16305
6327
14823
7811
15300
11416
7708
4177
17156
12733
5228
11074
15766
16139
17514
16642
3191
5500
9623
2610
9246
11757
8660
1391
8818
9839
11906
8886
17649
3972
3508
227
4008
596
3375
647
9724
7723
11194
169
17523
10787
16589
8102
18259
14351
12316
12778
12102
10092
13403
13200
1967
14051
2911
16564
10865
10017
19923
776
1795
18575
6150
4742
3973
5325
10272
14455
6445
13972
3340
15462
8714
6771
11691
7806
4867
6397
4455
2547
19626
13667
8675
9717
17821
6749
10689
4361
7252
7942
8625
8039
4274
17531
5625
13333
5576
1959
2299
4013
16386
7409
664
2670
7445
4530
1946
18063
10156
9105
13067
13257
16916
4115
17094
18957
5710
4735
3072
13293
3645
19470
12767
9165
954
7420
9090
10941
14906
7682
1510
10419
8362
1995
3678
8967
8640
8075
2993
9216
14303
12854
1698
6850
17397
15362
3375
11801
6119
6774
18278
17574
7830
19968
11931
5108
15449
2496
8148
8757
1568
17750
10299
10711
3071
2120
14524
5
11442
19614
3751
15669
8935
18902
10266
18858
10263
12864
9875
6391
18534
18373
3956
6904
3581
1933
19046
10017
8288
3416
1240
11203
12331
3423
11958
13394
8390
16146
2350
19503
13293
18363
10273
685
14302
14784
7815
12706
5350
15757
9669
19335
19359
13807
12673
16762
18951
3566
2321
9858
14362
15997
11285
9141
8297
217
5664
596
7758
15988
15394
13485
19553
1574
6697
18348
3708
19402
4372
15917
4832
6849
19829
13992
14282
15694
13371
2671
12297
15853
18145
16453
3462
4613
544
19709
485
5660
9158
16306
14796
18590
15649
5188
11589
11180
8844
17137
4649
1113
4988
1396
9823
14990
3118
14216
7562
15183
9358
799
1213
434
13156
19298
16519
7472
7921
16837
18660
11973
17951
433
19926
9654
7007
1914
15032
17144
5197
1155
10358
1782
554
12478
12905
1596
1856
13738
6765
10801
12652
19710
188
3633
12530
7083
17027
11188
16212
9108
15582
11475
14253
18008
19344
4371
14926
11133
9882
1342
682
624
8068
4679
8570
1413
3936
8619
9149
4206
14929
7568
15808
10291
13734
5708
15962
2855
7876
3000
16802
14375
9971
9511
5609
4999
5796
17926
5472
5893
18533
10279
2117
17310
6575
3452
13010
12518
12421
12656
19930
2901
11689
11599
16006
9969
4812
4720
3609
3966
6359
18338
1710
10228
6828
17018
19394
3752
9273
10579
19920
3738
8469
16655
304
16348
15978
12571
19060
7796
11918
10935
19341
1813
10612
13271
14775
4098
10428
16958
8141
7949
2548
8936
9191
6937
7832
15002
19888
10273
18738
10285
9310
1521
