2495
19306
26879
13543
23347
35968
21139
26913
29642
38269
37333
33719
10976
29770
21165
22224
29130
26283
26473
38837
18796
16383
10306
35182
26031
16260
36650
16420
35046
11960
20905
14875
30630
35451
17153
16076
12870
34895
37739
31958
29045
31762
33235
31186
39775
36280
21416
11408
38394
31848
28983
28745
32345
22581
36973
33669
26071
31983
30014
21573
24469
26468
16337
23332
33551
28007
11125
31812
29137
15828
16216
16686
33287
37127
30953
28085
37438
38203
34230
36506
14829
25835
19154
14765
33188
10618
20189
19037
22021
38443
32633
11295
12089
19154
30607
30181
34892
11228
12208
33013
33469
23448
13613
28172
19601
18214
28809
25472
18564
35053
33732
28452
34051
22225
24191
35232
29987
12422
36777
16677
22671
27043
12835
27404
26551
30575
19214
32392
13642
37403
20840
39438
17984
38226
17528
14192
39493
36515
39807
10917
15387
25320
10147
10396
38707
16273
14006
39984
26289
27420
26632
25787
24379
20793
33038
15981
17252
29165
27811
18154
27339
37715
22972
21210
19672
32901
34603
12543
21981
29633
18445
16007
29508
36356
11614
12436
11752
28835
25683
19098
21873
30349
19010
35571
12906
21774
27482
24065
16274
30739
29450
23182
26470
13295
20896
11154
18818
36188
13091
12364
21047
25997
10909
29331
20365
19542
25462
33868
24176
31186
15890
37024
28833
36560
38061
10218
17475
12243
12826
17615
19712
23180
28829
20645
12286
37845
25572
13862
17836
11447
18959
16113
38413
37831
21271
33811
11182
25042
14188
17521
16682
39692
23317
34614
13567
17009
37118
12662
35826
17479
32371
39604
16279
18751
19597
35780
28481
33156
28911
14603
39169
18581
20492
26347
36792
19658
26334
20898
29844
26838
22307
14761
30237
39602
28342
12021
13494
17319
34840
23009
27662
36391
17045
23278
30596
38041
39650
23388
36278
27271
12482
25006
24793
26996
16701
33353
25439
31192
21183
23723
19311
37091
27527
15514
17821
34044
20600
26914
13566
12950
11900
22582
10489
23716
39437
13704
21273
25174
10270
30133
25644
18978
11791
33819
20686
33116
15220
39311
34872
28011
19510
15408
24617
36873
31813
22579
19717
25907
14566
38057
33222
35137
28416
28161
21267
20645
13732
28398
26816
34870
23712
31781
16741
15110
16985
24264
32611
25617
11308
12902
35530
27261
36868
11957
37769
16528
25066
39776
12176
19071
34123
26992
13116
12191
27871
24357
27051
23833
15241
17722
33223
37951
18360
39915
17664
33357
34102
10742
17807
18904
36098
30516
16674
38502
38863
25026
38370
39084
22126
33011
11076
16942
11644
39019
28697
30805
37346
22373
31305
39300
11333
17336
37247
13177
37662
14097
31266
38181
19713
16213
18510
23441
18302
35710
15765
23309
17690
20416
33524
34018
15607
35884
32042
31614
34382
34819
22466
16051
14894
13459
37286
13470
34172
19229
32727
24329
26435
27726
32199
13131
17975
23163
15670
24014
25016
27855
29927
25018
29869
26918
36000
25449
10770
36558
26234
19663
12106
12989
36307
26742
34801
29792
10437
31785
27072
13221
10371
26954
39302
31860
13060
10108
18606
35928
36923
30926
15375
31155
22587
28956
12075
17648
21579
24810
22255
16219
31516
24553
31769
29397
31597
13998
24030
36931
16477
20598
11941
20335
23434
34054
36654
23462
33589
24128
25819
28909
10173
10994
31148
22860
22320
20862
22758
32272
23184
11949
10512
14396
36301
19456
11796
29583
11684
26812
34315
25110
20087
17212
32200
17497
29985
26484
29731
21082
34458
12730
34765
36600
12750
23241
34843
13259
23003
29366
27580
17763
38886
16959
26525
16213
25347
34191
20000
34855
27020
16690
16185
39486
15684
35004
13128
12768
22238
13399
22817
38411
29539
28715
17026
14720
30832
34604
21191
20748
14288
18766
36147
15466
27844
36618
31652
26308
11865
18266
39715
21442
28854
32597
10397
34827
21246
25106
12922
14184
13188
19080
35569
19467
39103
34222
18032
22139
16099
32368
24214
10280
29921
16663
12476
23640
28374
26433
14828
33199
16723
21266
21629
26584
29883
21260
31603
39274
11703
15013
24101
32776
22761
18270
34092
26221
26243
27516
19430
18101
35761
29049
30210
20678
21903
29179
11077
10291
30507
18062
25062
36610
18079
12543
33027
22701
16445
35691
15422
38092
23715
13314
12740
20007
39222
17561
25907
14594
34424
17610
15092
13216
28497
29097
19631
34599
21946
35260
28024
18877
33904
38501
38630
22458
22635
12296
31847
34691
30130
37994
16676
21442
27731
38749
33654
31925
33778
37231
12146
33620
13426
38476
14226
20815
17331
17498
31979
20891
39795
10115
17424
24317
22020
32501
26462
10937
31366
19835
23028
31886
17281
10906
15800
26649
17808
15168
10566
11003
13645
31757
34567
16796
14813
39886
24127
25441
12492
26392
34715
10087
28183
29967
22944
28234
38140
20298
15006
39482
17431
36355
35846
10363
13230
19617
14201
36926
17089
35332
12136
37062
24273
25920
13749
10621
34114
21581
17174
28255
38858
15640
11772
11919
16665
28887
10431
15861
19191
39380
27839
20921
25574
29328
35272
31008
32968
26572
27052
28047
25747
30486
38205
38360
28247
16283
38327
35943
19273
13519
36239
12168
21955
19773
12807
35180
21516
37866
38687
25834
16663
36327
11240
29191
11428
26334
21718
10852
16147
29950
35867
23464
35852
10413
29962
36435
27199
37999
19134
36416
14758
27050
20423
18028
13532
24827
27401
27013
38451
14976
19182
38717
12789
15299
38079
33753
20165
23492
24525
29039
13838
22543
28034
20425
32896
37475
19557
20616
35811
13804
30796
31381
34137
33636
12436
24554
18487
24593
16626
18868
39216
24584
28531
20762
39663
33130
37557
35822
30819
31935
36358
35376
19195
20251
32698
29728
39571
35977
19514
15649
37070
23050
16250
23698
23834
36959
23107
22414
36535
17865
14234
30347
37317
21806
17568
30223
15021
11232
27891
36733
13664
28266
27018
29707
31153
25415
25707
26046
11736
38637
25878
25057
33640
34601
24923
11549
12294
11623
36842
13798
25886
38465
11322
29210
10325
31628
37283
26576
36183
21889
35989
15195
23811
22232
32790
39665
22938
33301
28025
30675
15281
27096
34485
38963
10036
17081
11412
38745
21358
24916
30951
13689
20086
27076
13134
20109
33504
23939
28647
31342
34553
18356
19865
32154
20171
38928
23693
12594
15343
24737
13281
37848
34719
27303
18583
20285
36408
39024
31485
12356
38147
34142
19163
36415
10977
15202
21285
26497
13126
24051
11912
39893
19338
27840
12124
21860
19968
24014
30475
37807
28121
38383
30554
14380
36218
31260
18358
24731
27173
21406
13033
17070
35713
13981
32729
28851
13383
36887
21079
38766
30890
22613
20564
35011
18689
12552
21578
17675
31463
27835
13132
31083
13851
23567
21118
18365
39294
13087
38695
16979
29029
17916
18252
29981
12177
26552
26391
39598
36855
26748
13928
22844
28081
26559
15556
29117
28025
38240
30553
35404
27931
20606
38957
39410
38922
29748
24389
13579
30558
11144
10309
31114
16937
11401
11107
25847
21360
28564
25806
24564
11804
10497
22911
30727
36802
12355
39443
20714
12293
23376
24561
32933
28747
36470
25819
29410
11816
31791
28337
27269
24420
28164
25501
20584
10275
35579
12759
30568
29496
37967
37538
25108
18727
26656
22317
36482
29201
19717
24495
31880
38192
17327
23416
33942
30019
26255
27442
20849
14581
14645
36981
39108
38967
29494
26840
32783
25818
26295
10414
38750
33568
39681
13978
39916
13892
38560
30118
32287
24674
26602
19736
20534
10586
33415
26311
16952
28193
32294
36034
34968
36301
38078
21808
36875
17386
19481
28224
32952
25454
11897
13506
12541
32964
15359
30052
15321
11733
20851
22554
14764
27602
38355
20754
17045
27880
12516
10520
15229
33917
35429
38733
15475
15323
21114
14315
35616
27204
15883
23026
27356
36975
32339
24969
34411
25686
10939
22502
32064
33851
38316
39595
35471
33958
15323
19934
16352
25886
23291
31887
26101
22976
20736
37689
27709
22488
39194
26456
37060
24678
28565
21755
13328
21358
15503
39418
27131
31800
30867
14353
38239
38211
10315
13904
36561
16363
17727
17159
29472
32955
27255
36046
32847
38088
18050
25175
26192
18906
34111
33213
37080
24820
17818
22944
24443
27930
16218
22211
25341
12961
15363
39023
20786
23094
12739
29287
29441
10530
25402
13276
32783
21716
33298
18030
12624
10758
26125
32670
32722
29956
21521
12667
12444
28742
11761
33788
21048
35046
25304
23004
37512
25990
23959
22501
34197
19944
18759
14037
12432
38539
35274
29159
38179
11982
14528
27838
12140
25229
22760
36051
35386
30035
35299
39689
13923
13623
10207
29987
17930
31489
33838
38677
20805
18377
13455
14397
19829
17304
30306
10340
33560
22464
14376
31359
20596
31225
34127
28564
26856
30065
24271
23482
19537
31647
16566
35182
23715
35760
36217
25077
21307
22579
11948
39582
39250
29876
17732
25457
38053
25613
18101
13706
25059
23798
22400
16799
19285
25731
20297
16102
36254
34814
37092
37425
35538
32439
10383
15988
37645
12230
36553
37885
22527
28731
33083
10735
31905
26033
24269
30057
39768
36680
27858
21466
11201
36776
37668
39450
22740
18132
15863
13838
35042
23920
33637
25204
31894
17215
19004
23449
33810
18498
24898
15519
13944
32482
38475
39430
16023
27470
20416
35742
34963
30310
38715
35648
30251
32742
35724
20472
21255
18864
16162
27681
25083
17842
27771
28097
22731
18021
37345
10481
35316
27468
10944
20405
36392
14951
26005
13056
17292
18359
19949
39715
18123
31192
39849
22235
15314
20139
29248
16416
32175
35071
34139
13536
14122
16467
29519
23137
34175
21313
15467
24150
18701
16545
25995
23821
21230
35492
22114
12675
28044
35128
27206
16865
25706
32588
30341
35446
11417
20518
34311
12661
39110
24158
37311
36250
14018
27288
27972
30295
31796
35218
22495
31637
30389
36736
13204
15845
17089
23655
23470
10315
13795
30011
16536
12150
21583
32689
16727
32706
37342
15120
35981
11398
34410
30774
36742
27605
11363
38274
13247
35792
11804
39738
12289
32281
37758
38255
26337
29782
13094
10290
27808
36777
27511
25446
32476
12205
32154
29134
17894
33475
27442
23862
27596
12823
24152
39413
25683
21765
33808
35389
22878
36462
29914
28694
35236
25673
24309
20292
24043
37664
19777
34577
32714
33335
28681
30109
18520
38837
29036
18412
11755
16197
35108
14972
21347
39413
29996
28877
22759
18233
28538
20706
22346
28663
29092
21563
29369
25150
16917
35537
19603
25068
36056
24464
36565
38537
26178
22570
38261
19078
38450
15955
11119
34115
31601
22497
11287
17807
24526
13681
22484
37640
20460
27930
23942
26393
21777
27280
12603
25624
30596
24775
13239
39508
34901
38563
22380
39558
29605
29988
25287
13657
34703
10695
14596
29013
16749
31109
26960
15287
38896
20012
22728
22495
31097
24157
19129
27425
36775
32474
31240
17991
21451
19689
21963
32251
37860
15129
30506
13562
17740
10722
21711
10058
14377
30018
37096
11247
34109
34819
34150
29274
12910
12505
18662
32416
13737
26422
16525
10793
34730
22130
33645
32112
15142
11824
34186
29447
34701
19942
15019
38002
13439
30876
19790
12885
28907
10960
24795
28693
32889
29900
32781
19123
37011
16791
27823
30853
27304
31647
26396
39858
15727
37021
37953
27872
15667
34955
34054
28268
26197
21657
27326
35795
27444
28562
20572
36165
37359
30735
32519
38113
15829
33594
20393
27961
10797
36522
16697
18090
36611
34894
22339
26022
16244
35704
20055
19022
36284
38631
37918
14751
17090
34358
31742
24440
30039
10748
38305
33737
20516
17097
34813
38784
26770
15438
26059
36677
38075
21342
35325
33078
19425
12668
32463
16854
13585
18658
15210
32883
35087
27778
16315
12472
25826
36436
27383
37336
35961
35866
35283
12970
27804
16582
35869
15846
17950
39854
13507
34337
16670
18608
16761
12213
31134
11292
25538
20944
17331
31969
36075
24244
38775
39682
18988
21776
31295
34017
33725
30518
17812
33721
25651
16708
13454
19002
38965
19859
37395
26389
25856
12202
25133
16300
13728
33953
28868
36811
31263
22419
25366
34680
11097
26797
34326
15444
26071
14507
38387
23360
32945
27363
15854
36618
17469
20036
26999
39752
25350
23233
11536
23491
17365
13687
28929
37751
21684
34491
27342
24742
17311
12189
16164
19758
25281
36939
35799
33776
17984
39281
32616
32987
13175
23866
18804
26053
32770
20962
28104
25509
31270
13004
20402
28249
26532
10693
15974
39278
38676
21786
36492
19234
37273
11638
17128
26048
21477
32099
30214
28847
15728
30017
31805
22360
27753
38133
23843
26824
27941
39270
30523
11566
35493
28883
29043
24433
23463
33758
24709
31284
21947
33508
27943
26107
20675
18742
27622
10725
19137
28697
37918
10403
36945
10523
29573
13477
39496
11829
20966
11779
37929
28656
15139
15987
23377
39058
36250
22830
20928
33074
28325
38396
35218
16152
31777
15789
34340
18208
12384
16770
29967
20284
13399
35303
15902
33220
36741
31072
36531
15620
30672
13267
32188
29310
39098
32841
24926
38338
33889
33182
26241
29879
21468
36658
34071
30564
17169
37265
22760
19153
16514
11031
30528
31044
16856
13292
12857
24972
23733
27798
27659
37570
28141
28942
36244
20541
13042
37060
17795
38716
29134
26862
35484
32999
36913
38042
11064
33298
10205
23872
13591
26127
18077
34454
36573
15288
36596
32847
31253
27489
19606
22911
23242
22676
29783
33383
11259
24611
21293
31958
14978
13883
31545
22837
19648
12693
35917
33314
33429
15657
20559
25675
29033
13047
31634
24106
23990
38245
21585
18047
17678
32393
31840
39781
25369
18077
35418
33048
38928
37911
39812
31205
14581
27832
18194
18362
30649
36144
13072
36746
25385
21188
24399
25161
39297
26995
21233
26094
33914
11564
38937
33401
30188
18102
25698
39007
33396
17590
15711
14148
32247
18582
38207
30571
35367
31663
39940
20071
32558
32907
37263
30741
26412
20387
31396
25471
36962
20005
30356
30265
39715
18173
35759
21964
27536
18890
12554
20740
10986
12998
32561
10582
29467
11684
33245
19014
35905
26483
34889
28857
37466
12265
33803
35972
16922
10163
35193
10514
10180
33441
21647
32516
17226
30727
10963
31483
11631
19041
33816
18796
29688
26342
30143
30531
16805
22462
39190
14551
21910
29554
10874
26230
17059
11493
13526
18442
35311
24988
11995
12316
23180
35575
30851
23321
12246
16832
24855
28329
37557
21614
20675
19523
24825
39391
14808
27769
11755
13534
38840
19261
36219
37061
32052
31011
37197
23887
20551
27300
17638
27054
23358
31717
31793
15022
30042
33914
28297
24105
13239
38426
20717
20479
38403
31116
28638
31482
18300
37754
19144
35549
14001
14278
10524
16949
31042
19723
18733
18769
24106
31265
37991
26589
34815
22915
34344
11300
33033
36254
35986
14580
33866
27705
26232
36960
10138
10732
20363
19633
17270
26775
34445
19944
14058
13418
30624
22318
11203
36921
32372
25901
25911
31681
13792
17468
12488
39644
33588
27925
16050
37867
16176
10088
10419
22265
21990
10663
35206
16773
33955
20211
14092
33470
19783
18354
23998
26391
34474
21469
11045
16868
33146
18053
28379
26434
28615
36438
20287
21270
32367
23082
14658
36694
33897
16674
29488
14265
16647
16957
35842
21324
17555
24763
38317
17570
26161
12731
38642
17489
38476
36489
33578
35355
35196
38892
20614
27920
35756
21489
32894
39159
31543
37732
38564
10866
14577
35522
34053
17926
33399
38798
12901
23129
16786
10539
21253
23643
16250
23813
24731
14408
14435
38644
32749
32460
38392
19290
33605
37904
31240
34515
38494
32765
11049
22009
20033
33184
13874
26535
21589
14160
18196
21186
20678
30267
34899
36067
25811
24778
38723
11166
11517
34014
18237
29707
37086
33444
31113
15542
30726
25938
10834
15342
34142
29616
18988
25964
25499
38794
28590
25715
14090
17855
14850
25936
19165
22011
35329
32412
39304
11592
22625
32234
34744
17479
37487
14571
34379
12208
19552
27186
33675
17490
17819
13886
25294
10443
26061
14911
15891
20890
22302
38638
19448
12804
33341
21851
36638
15818
15363
14802
17507
