8172
4762
9978
3398
6015
9530
1481
4232
8725
6634
5121
1522
5524
4891
1215
9367
5012
9318
6276
2780
6575
3970
2537
3939
8967
9648
8585
8533
7187
7413
5116
7273
5139
8189
9975
9576
1423
2805
7989
1869
5137
4230
7388
6942
2069
7857
6511
4369
2763
1207
2473
1712
3795
8842
7820
6669
8891
7246
6470
2393
9733
8523
2689
7591
1858
6146
8756
5205
8276
5953
4206
3031
1631
7732
9889
6024
4778
3339
6386
8695
6748
894
7706
9809
9586
3751
1573
6463
5748
8366
8399
7185
5004
6772
9528
5534
6138
1964
3991
8538
4838
5138
5147
3461
3197
5312
9759
5886
981
5769
6394
855
5617
4376
2267
8938
4263
3845
4620
7861
4966
1672
1914
1836
9784
3797
1867
7425
1874
1706
7751
4226
2987
8299
9398
6609
1559
966
7693
4802
8299
6535
7376
7729
7360
3415
4194
7591
3555
1581
8045
7454
9613
7313
1636
1111
2614
2863
2500
1824
6430
9300
7555
936
1356
8962
2910
9988
5702
2911
3582
8771
9846
5940
8564
8756
3399
2614
1917
4048
917
4154
8217
5438
9203
5613
1364
9413
2800
5565
4734
5691
4500
4384
9683
2861
2898
5246
3997
7874
4855
5486
3668
6659
9113
6633
1795
8679
6158
3951
6795
1180
8509
5007
2358
4821
8794
8739
8798
3490
6604
9083
7959
831
7300
3805
6562
3625
3242
6222
2081
8921
2286
5127
5818
8487
7981
4174
8928
6347
1695
5700
4562
7816
7768
5037
6330
5466
4928
5891
8949
6664
4925
1534
1876
9862
6400
5065
9666
8434
1314
9550
5084
7073
3425
3944
9126
4342
6721
1679
9955
4830
6407
6573
8683
2387
2521
9377
8107
5809
7579
7585
9607
5228
6953
7909
8927
2648
4277
7967
1402
8753
8806
8879
1994
6288
4838
971
3979
9326
2810
2214
8002
6053
910
3689
6694
8498
8347
6345
7266
3291
3281
5389
4966
3503
8856
6210
9608
3105
1757
4102
4207
9301
8760
5780
7379
5830
8911
1711
3271
2247
1996
7831
5689
5160
6053
8075
4302
9605
1927
8990
8881
4158
9710
6948
8446
3048
7340
9985
2573
6887
9720
2615
7215
2470
9374
1609
3412
3812
1893
3470
4369
4005
9274
7282
9582
8190
7601
2343
1487
8893
1928
4946
6785
7459
6697
4484
5361
2839
1645
1875
5054
1405
6619
8924
8650
7923
4523
8974
8793
7124
7409
7339
4705
7098
6967
5796
6340
4336
8018
2567
9254
4415
2600
4668
3866
2416
9757
1448
8939
1208
3186
4350
7151
3764
1332
5417
1592
2342
946
7489
3628
1468
6824
5129
6491
6376
3509
4291
8506
2038
8278
4779
907
1872
7893
2784
8700
3808
5025
2962
6787
3041
2243
6258
3182
2041
7477
4024
2617
8034
8561
4543
7225
9684
7064
9582
2530
4419
9032
7936
3552
5659
9992
1619
1036
8360
5210
6463
4551
5663
1156
6190
4993
3321
8038
1804
1089
6506
6626
3610
9678
5165
8535
7714
5770
8117
4891
9276
6460
4580
1941
7067
5425
2256
2295
7535
4820
1303
7900
7421
2874
3307
3528
7161
4198
7813
5828
1444
3143
6936
6856
2284
5830
2433
3203
8657
6561
9373
9986
8972
9394
947
1124
3443
7862
8984
2536
8173
3748
4510
1526
7876
4597
2869
4741
4519
4568
6849
7565
974
2510
6521
7018
8035
2655
3093
3243
2546
8388
1024
7054
1071
2634
7192
9637
2635
7606
1429
7729
2788
8602
5475
8963
1095
5430
7891
1731
5304
7208
8116
7317
6639
1667
7335
1742
8511
7223
9434
8015
5705
6896
4767
1799
9465
2715
2687
2365
5652
6827
2064
8278
3428
6193
1397
6377
4881
8908
5134
2372
2435
9292
838
3133
6784
5224
6818
7936
911
4746
4532
5913
3672
1752
6644
6039
3097
1729
5531
8086
3617
3141
2494
7717
1670
938
3561
5272
4716
6174
7596
1985
4610
6743
4763
7426
3185
865
3680
7326
6948
5626
3760
1355
2771
5944
9533
4371
4864
4739
3297
7320
3437
4974
2670
5678
2750
1561
9643
7393
7631
5743
1047
9800
925
3673
1834
9484
6874
5910
6710
2385
2053
7255
2846
6274
6480
5064
4531
9302
7149
1450
1791
3084
5503
9800
4036
5951
9151
955
9526
2995
1714
9926
8037
8471
7450
3374
9197
7479
9004
4465
3313
5167
9471
8216
8144
2735
9743
6862
7656
4132
3240
7402
8195
4109
8928
1665
1472
5603
5086
8458
4264
4406
9814
3704
4889
9727
3334
4304
9548
3745
3982
1546
5368
3941
8833
977
3751
8560
2450
1272
9388
6634
9559
3079
8318
9744
6411
1581
1922
8198
7079
8496
1432
7266
1336
1580
8493
9414
5595
8441
5537
4731
3203
9886
3444
3234
7435
8541
9029
9118
6525
1158
5432
4093
4561
8262
2005
7767
9243
9103
9061
3666
2034
7484
4811
3584
2980
7140
7539
8145
1012
6287
1901
4489
1057
4569
6539
7873
3848
4603
7779
7373
9103
9622
2728
6446
6686
6854
9557
8486
3305
5233
7603
8671
7380
9009
1580
2926
9802
2502
3189
3093
9098
7359
6569
9585
7256
5649
1195
8939
886
1440
8171
5899
7804
2726
6848
3453
2217
8356
5306
8902
6420
6968
6460
3408
6779
8931
8346
5776
1620
1106
7863
8325
4190
2127
9266
5973
927
2176
1937
9206
7884
2947
8008
2649
7538
2174
2259
8117
1711
2235
8406
1575
6310
3991
9445
8301
6569
5480
6489
7666
2530
8557
4794
6192
4152
5330
9805
6887
9315
6009
1226
7178
1738
4301
2117
1927
7314
2303
3299
5738
5910
1290
1292
5302
4320
8517
1265
8719
8387
8630
4968
7771
8834
2655
8969
8470
1397
4424
3431
3737
1759
9735
1958
6307
4815
3897
1215
7488
6031
9685
6781
4935
2692
3011
7699
7157
3632
4012
5743
9189
3372
5787
9707
2539
8356
7673
1037
1502
9281
1157
1671
7909
6056
1346
6695
3963
5708
2472
2058
7197
4460
3463
1442
5208
9693
8013
1495
5132
3232
6365
5534
6496
7768
8674
8806
6589
844
9955
3038
7511
9800
2081
9128
8862
3240
4845
2569
5869
9545
6041
6383
2664
6914
5205
7135
4920
4685
9040
5007
5463
2686
4390
7384
3404
9007
1442
6022
4331
9362
8170
9413
8776
6171
2470
4095
910
3737
6662
6979
4518
3149
6032
2438
2985
5898
9048
5191
4432
7867
8682
6101
2053
7482
1204
8588
1283
9825
4446
3567
1390
3070
6096
7258
3073
2579
5097
3537
3823
7348
4574
8606
7962
8549
3101
8702
6366
6236
4610
7461
1190
5795
3037
1002
9172
2146
2969
3348
4589
3270
9412
6624
6763
5458
7813
4200
4023
6068
2450
5818
2742
6363
959
9401
9091
1719
1440
8175
5950
6802
9392
3686
9778
5882
1335
9574
7520
3809
4028
3199
6064
7568
5693
2420
4917
2864
2923
9908
4685
905
7473
7120
3340
5767
6112
1055
6757
2168
5173
4058
848
7052
4679
2071
1874
6133
1524
5353
5874
9964
5942
7876
8838
4701
9090
9175
6570
4484
7963
5463
7571
4178
4254
5251
3511
2740
5351
8482
5358
3970
7765
1783
7643
3586
9184
7897
6702
2117
1252
2885
4818
6394
2804
4875
5354
7930
2530
4565
4745
4081
1667
2203
9405
1872
2772
7019
7092
6849
6603
6611
2103
1505
3168
7353
2711
1271
8362
5847
7223
8192
7310
4075
918
4416
7601
7071
3039
8766
3915
7131
8480
6215
9036
6112
2785
6386
5034
3026
9484
2804
9215
3324
4028
7335
9220
7782
4003
8431
7299
5426
2304
952
6083
4337
1327
8576
6093
3091
8864
9181
3667
1140
5232
3554
6746
3019
1952
4098
8539
6716
6935
2282
1468
3155
9593
1175
5880
6679
5488
3931
9743
4736
4357
2704
4206
2265
6080
3970
1790
5678
2290
3278
1186
2368
9376
7740
8499
3232
2538
3576
1170
8857
3535
1579
9995
3815
8099
4121
2103
2413
7294
3632
4102
3542
2419
9046
2045
8585
7705
3529
7893
8257
5297
8247
4715
8922
9657
8299
6346
3950
4568
1507
3688
2641
5791
7818
8247
5008
6920
7279
2828
7840
9317
2810
9632
7628
8694
5514
5738
5017
1985
1534
3791
8814
3841
4018
8492
4363
4848
7387
1286
3509
9378
2115
3788
2976
5955
3004
1031
8717
4084
3834
9504
8109
3453
5835
8763
5129
2093
9031
8768
6607
9038
4325
3283
4793
1649
6719
5513
2369
1435
3172
7506
8439
2086
9796
2663
3373
6284
3872
7840
3508
1957
5467
8349
4643
8922
1070
8089
6620
3330
5436
1363
1165
7497
7418
2982
5004
8971
6569
826
6593
7070
9896
7847
4256
4696
1326
2929
7114
5397
8721
9647
8424
1435
4229
2794
3819
5446
2965
5789
4332
5038
3888
5723
1884
7973
7643
7480
2153
1054
1965
6148
7540
2949
833
2013
4475
5354
9998
1539
4837
1644
6931
9968
7123
1358
3512
9447
8863
1469
7961
9972
2477
6265
2666
7617
2383
8868
5486
9901
4808
5666
7655
1794
1044
6289
8944
6058
9859
3586
5137
6405
3679
9100
4684
6526
8479
6818
9413
6728
6320
5738
6400
4102
2881
3325
2123
4234
1070
5039
6416
8227
8989
7509
8610
7667
2848
3040
5597
2753
1770
9901
9314
6437
9822
1387
9602
1688
9785
7816
3885
5050
6522
8341
6743
9403
8758
9831
9958
8796
5584
7271
6324
5652
7709
9455
6165
3402
9679
3753
1447
2275
9107
6583
7423
6999
9328
3306
3474
7534
7784
5996
9736
859
9909
4747
6415
1411
2804
7639
964
5676
2390
3739
7884
3858
1746
3663
1615
7646
6018
3734
8125
1687
3418
8843
2447
1038
1541
3344
7096
7521
2629
1978
9151
6910
5385
2264
4232
5180
2524
8569
2830
2229
8191
8029
4768
9649
9293
835
2344
4100
6677
9278
8574
2636
7450
1886
8601
2515
1505
8376
1586
3621
7661
7186
6281
7633
8605
9171
1585
5289
6795
4224
3439
8833
8273
9032
1328
2742
4654
1339
6818
3755
8151
9774
9216
8750
3350
1982
8365
3275
1028
1625
8393
9827
2344
7722
9099
7287
8895
1249
7337
2148
8704
4329
4245
992
8887
4031
4747
1739
4361
3205
4970
6866
3143
915
7645
3865
7185
2403
8709
8251
7583
2512
4416
3188
8151
2230
1478
5860
9752
3327
8524
3710
9467
4206
9632
1212
2426
7284
7055
5918
2835
1969
8441
7598
5849
3102
1655
3835
1495
6295
5619
4092
3750
8547
8286
2389
5002
5879
9962
1278
4018
2073
8154
7845
7886
7859
2128
3662
3194
3283
6656
7356
2999
2416
9653
8045
1261
8119
6405
7803
4673
5860
6067
2480
7073
8641
7126
6050
8488
4522
3109
5989
6294
8233
5890
3534
3924
6119
4465
8672
9052
3385
7745
6644
4655
4551
7493
4370
4291
6730
9760
2635
9124
3044
4323
8044
6883
6968
6678
1310
7702
5189
4063
9593
7067
4306
3847
9072
8813
8882
6038
9612
8509
905
3669
5264
1067
6750
2878
9413
3963
5333
3173
9382
1520
6232
2872
4501
2606
5950
8444
4928
9587
5397
8320
1091
3338
2984
5381
7150
7708
6571
8817
8885
1571
7249
7836
874
9725
5349
4340
1041
8750
5316
3680
8608
6782
5337
8165
5155
8609
2435
3788
1483
9546
6013
2064
6760
8440
6676
8289
7861
7440
3870
5708
1756
7996
4921
3545
6987
6327
7473
9115
6090
1599
3926
9365
7183
5081
5444
6058
4980
6292
9961
1553
8208
3961
1790
1532
4359
3394
3671
6494
7455
6778
7064
4242
2876
3328
1940
4770
5154
9389
9887
1911
8199
1792
4780
9854
3812
1504
6463
2739
9938
7560
3216
3064
5122
3121
978
5577
2796
1600
8216
6761
1917
3645
9033
7563
5624
7827
2831
3198
5819
2300
5337
7608
1912
5706
5666
2606
7836
9661
4183
3383
9304
4876
2181
4908
2076
4014
5352
7101
7057
6508
6448
887
6698
3989
7673
5637
5096
2869
7734
3769
8009
4012
5399
1216
1627
7472
8720
3693
5809
1504
8638
2022
5262
9559
8312
882
3604
2078
5456
1477
962
7179
6017
4847
8569
7634
9277
6328
2008
3435
8979
3331
4237
7003
2403
4368
6180
3838
1156
2621
6627
8173
4667
1272
6377
5817
2165
2410
5723
3184
2228
6682
2625
5032
4661
2297
7140
4515
6828
5252
6147
1002
3115
1222
6240
5226
8508
3665
5189
4262
4893
2144
2220
3598
1115
3535
7129
2049
2244
6970
1555
1586
6943
1069
6430
6349
887
8813
6648
7179
6439
6422
2419
5709
9673
8126
5263
2092
3125
3654
1935
5391
5773
1972
5437
9274
9889
4216
2291
3848
1268
1169
4460
8934
7683
8730
4819
8058
1477
9363
9836
5780
5293
9159
3224
4710
1950
9191
5721
1750
6364
6252
9128
8307
2274
9063
5728
5318
5611
1619
5483
9811
5472
3365
8967
4613
7762
6281
5330
7867
6880
4680
2710
2328
6598
1610
2047
5037
5987
6069
7719
2246
7701
7583
1449
3401
2994
8839
4606
8963
4479
4914
5032
9900
6684
9716
4255
6445
2160
1920
9453
2211
6103
3327
1777
6500
8475
7180
6763
5766
1916
5814
5506
3717
6842
7789
3703
9485
6704
7955
4110
6891
2811
6291
2312
7900
2400
9701
2617
6503
7319
5645
6630
3905
1718
1179
7792
8017
7125
5126
1201
5068
9957
6068
4800
1496
1208
7178
2605
7734
4961
4020
5762
3954
2748
5258
2739
4353
7606
7704
1061
4504
7285
8024
1124
4394
1661
5056
7086
3416
4246
5977
934
7301
4851
7824
1098
4204
5723
8074
8167
8389
4015
1870
5142
4848
9471
6103
9882
7363
9004
6367
8152
7488
3393
8629
3586
1701
9888
1840
2615
4893
5361
4364
1252
9814
3029
5064
5639
7553
2136
2002
7029
3831
8012
3579
5152
9531
6793
2307
1850
9081
8570
8387
5085
7945
5922
6837
7248
3365
3185
7125
3161
8079
5925
5318
2689
990
6769
5529
2450
4143
6686
8921
8340
5538
9474
5576
6953
4251
5219
5608
1177
8689
4944
4423
4440
1686
9126
7602
7588
6558
7470
7747
5027
3479
5408
8973
7193
9018
5911
8423
7511
6151
3428
8165
7814
1931
6664
4130
5045
3855
7374
2132
4599
2065
4289
1953
7433
3624
5718
5242
5713
8628
7869
7014
8504
8004
5271
4840
9355
5038
1771
3985
926
9915
6227
6379
5621
2619
9415
4859
2242
5623
2862
4888
7267
3726
9791
2183
5070
9609
1647
5628
7889
5201
6627
2038
5787
5659
7638
3276
6528
3586
900
2499
3854
9350
1645
9071
8450
4177
5405
9985
8671
1429
5103
9263
5936
9744
1945
6545
6369
7747
7506
4823
3559
5615
5233
6642
7072
2775
844
2699
8567
4190
4814
4918
3975
2188
3761
1363
8561
3482
2504
8542
3491
3042
8378
6812
9228
2747
5044
9827
1337
2178
1187
9920
4430
4096
6898
2580
3234
3384
1820
8153
8305
6579
3535
6460
4097
9206
896
7639
2513
9817
9259
9577
6679
5922
3397
8669
9372
2869
7482
8433
1782
4465
7152
3238
2097
4726
8842
9923
3863
1813
8665
4456
5114
3680
4613
943
3500
5744
6146
2523
7940
6537
7833
4929
5241
5286
5654
3386
1109
1666
6903
2477
9125
9754
7672
5338
2510
2061
6733
1491
3117
3738
2865
2491
5334
5494
8301
6044
3855
6573
1116
9637
5339
7976
3560
1834
8837
2818
6073
6782
3708
9362
2531
1302
3132
9672
4791
3596
1909
1332
5770
9311
7531
4820
7812
1708
1704
3725
2897
6581
5408
6802
5769
7036
6581
2948
7388
7095
3521
5017
9503
2682
2678
2195
8502
2060
1555
9979
5350
3752
8182
7341
1447
7096
5536
6803
1187
9689
2453
4569
1484
9075
6003
2875
1367
6016
6298
8270
6400
8984
4689
7632
8805
3121
1313
8499
4252
2323
7387
6183
8544
2399
2991
9414
4840
3967
4131
9051
8511
9100
4868
7573
4362
6607
1187
2960
4411
3773
9067
4845
6203
8171
7458
4720
5224
2945
2194
6055
2025
7526
6653
6282
9680
9686
1660
2960
8340
4795
8385
9259
7803
5950
5168
8765
4049
8648
4087
5109
9733
7030
7889
6886
9598
3704
3362
7851
7404
1156
3055
895
4387
4044
1513
6416
8486
8309
6800
3475
5127
1210
9293
8509
5974
7341
4873
3646
9449
1132
4876
9399
4374
8200
2765
1212
871
4808
4928
7804
1704
8410
1751
6004
4053
6725
8759
5353
9327
2235
7640
2952
9411
3796
7033
2363
5341
3182
4408
8667
8633
8603
4130
6056
9170
2625
2428
8456
1579
7421
3937
8852
9792
3452
5783
7894
6638
1826
1203
1451
4143
9393
8203
5371
2652
8509
5574
5285
9162
1738
8956
7066
7670
3633
3375
7269
4428
3499
2254
2020
9501
9753
842
3078
7120
8250
7506
7684
1798
3103
3415
5417
6007
3430
6069
7972
7239
5341
8760
1085
8999
8846
6993
7131
3167
5689
2472
6204
2506
3275
8235
8033
2751
5604
7618
824
8379
5765
6605
2688
1560
4486
6549
936
923
1286
4040
8622
1617
7363
1905
7950
7711
3723
9864
5117
3518
6629
5432
6487
1082
8031
1359
7426
2293
5218
7452
7368
1372
9706
6291
5901
5682
2110
5836
9853
9162
2614
4999
9048
6418
6215
6924
2567
3033
3903
6177
2668
4876
9787
3271
7826
9349
3633
1888
5712
8402
7888
8180
9153
7546
8445
3032
852
1669
8203
3788
3773
8859
8842
1491
8035
7779
5633
9736
3479
6200
3009
1380
8316
8715
3388
5618
7749
4855
5238
1547
8605
5440
4518
951
3562
7361
9130
8860
9348
1120
1544
2254
2750
1866
4251
4996
6110
1135
7123
2370
7670
9329
1474
7727
6431
930
2359
4813
2192
4264
2926
5693
8865
4228
901
4047
3121
1850
3280
3136
2156
8704
3039
1044
4471
1855
9755
7984
6885
1291
5499
3764
1173
7654
6321
1889
9078
5585
1202
2837
5737
4711
7550
6495
1789
4656
6692
9037
2011
9115
6131
8744
6567
9402
9019
9448
8389
8853
2971
828
6148
1237
1214
9841
1092
6807
1695
1820
8804
4323
7741
6677
5984
8854
900
7105
3357
3412
9730
6007
3795
9555
3054
9538
7267
2998
3688
1767
973
8667
3953
1102
1297
8208
3042
7550
8794
8371
3905
1042
8525
3049
1765
6555
7875
6651
6445
2250
8825
1471
8330
7784
7106
5126
1047
9740
5941
2166
7685
4211
4259
5358
6485
7637
9575
8563
6452
955
2352
2082
5727
9671
9993
5619
7409
6656
3946
3279
8090
3419
4240
5533
9475
6466
8979
1576
6270
7535
9079
1129
2412
9399
4727
1644
1261
8698
5063
3194
8417
1829
8242
5534
3544
3730
7493
8978
5261
4295
3327
6815
7621
3141
4456
3171
3663
9823
916
5638
8054
4150
3485
6422
6355
8241
6945
3580
5593
1555
3330
4584
1535
1195
4790
7759
1663
4206
2439
6157
9931
2792
2282
2753
6018
8355
3956
6884
5842
6603
4683
6393
5605
4570
1063
6043
2002
6702
1565
3162
9583
8853
2450
4643
4495
3521
1110
1435
7229
5525
4585
8391
7337
7000
9900
5868
944
5161
7776
5658
6309
9094
2000
4029
3968
865
838
3102
6044
9298
2446
1719
4615
8923
9766
8045
7923
6888
1040
2449
2584
7224
1975
7678
9471
3541
3003
9870
9061
3863
9033
6603
6210
6114
9752
6352
5818
6615
2214
1075
3407
2459
3282
2689
4855
6667
8966
7656
6847
4315
2284
4116
3793
9521
2345
8320
9248
8100
4603
9348
8736
8507
9264
4139
4635
3635
4102
3883
2732
9026
4316
6730
4913
8717
6399
1389
2939
4546
2355
2883
3609
8950
5915
9337
6144
837
7620
7784
7491
1269
2245
9480
9212
2044
4209
5868
8227
6167
2459
9711
8605
4879
4244
8509
8975
6085
3944
1669
1320
8414
8925
1568
6514
1993
8889
2095
9779
1276
9377
5555
1424
1000
5973
2959
5468
3497
5309
3922
1700
3473
6223
8483
8839
1176
2899
4840
6395
7686
5829
6732
9573
3243
4993
7697
980
1726
7709
3266
5298
2437
9637
8670
9493
5470
1399
9062
2262
1574
1037
5850
3177
1733
5288
6276
882
4515
4908
1555
4665
9578
3448
3383
9275
1348
9537
8251
930
5947
9740
4414
4615
2971
1937
1902
4247
4037
9961
2493
6320
1376
3100
5377
7720
1242
2174
3830
2808
911
1943
7536
6411
8180
5365
3758
7224
9108
2637
5996
5663
3963
5877
9279
7032
9872
4220
7166
2887
8768
8952
5290
5558
1573
7335
4955
2185
4435
8650
2887
1107
6412
3154
3698
2073
4966
9788
3215
7913
8839
8011
1439
4470
5345
9419
7801
5769
3270
1047
2700
5845
7018
7596
4771
4872
5586
3711
7746
3542
7898
7187
8725
7620
1362
4478
8276
8672
3029
5406
7281
4055
3204
5259
7699
4143
1796
9280
1697
6813
5076
7536
1303
4641
2094
6238
6032
3374
4994
9667
8109
2520
5242
5260
3269
5641
8627
5961
5064
4531
7268
1968
4504
6111
8072
6088
1964
1284
7003
4610
7395
2602
2271
2535
2133
8375
9623
3274
4422
8583
2266
5915
3152
1197
929
5473
6004
2443
7920
7326
2903
6745
898
8193
6100
6489
3418
7767
3193
1019
7827
5733
8278
4793
9954
5784
4352
5250
9723
5581
9037
5571
6195
5428
5610
6673
9191
7974
9597
7304
3835
6993
5430
3248
7709
5485
9321
9031
5428
7602
3754
2254
8899
3797
2188
2225
6945
5657
4943
852
1615
9412
5290
8102
2428
4292
5948
6528
6772
3871
9421
7750
5556
2956
2639
7882
7871
9891
5616
2311
3308
5789
4290
2701
841
5495
5911
2562
4126
2030
3697
4495
9153
8207
2049
5812
5774
9893
2976
4381
3086
9919
2968
2365
9891
3281
1601
4691
2366
1995
2204
866
8202
6256
8023
9602
1036
9974
7698
4778
7047
4014
4110
3670
4877
3526
9274
1831
5496
4524
4347
6813
8185
6755
3358
7706
7300
5528
9650
2025
2519
9054
1963
2807
5390
2735
1245
3232
2752
8445
5939
6587
2754
4435
6291
6587
4011
2969
5031
6763
4313
1857
1560
1040
8075
8064
6564
9358
5512
5957
3765
2556
9883
5060
7155
7982
2115
9583
7922
6952
1368
3736
1851
1739
4301
4180
2790
4062
5095
5896
8656
4784
6802
2635
8649
6594
3352
844
7479
9992
4137
3481
5113
7519
8388
2588
2654
7946
3366
9682
1407
5353
6564
9339
5572
7084
9781
5092
5847
3705
4977
7599
7286
5840
6086
8994
1148
9891
6781
9958
6020
7387
5847
4136
988
5281
2174
3234
4343
3024
8805
2330
3321
9615
3141
3161
6397
2020
7262
1273
2691
2298
7495
5317
4595
6194
7564
3981
2259
9212
2377
4244
8353
5511
9143
6482
1840
1465
4419
7421
9569
5147
1127
7652
5771
3663
3457
5750
3469
8965
9093
8586
4958
6475
1335
3278
5846
9646
6275
6023
3815
2137
5607
7593
1797
2191
3018
7064
9680
9505
6245
5674
8497
7008
7140
6461
4858
1388
2330
6571
7090
3096
7818
3064
9640
3450
9980
8504
1983
1786
8212
1956
7229
8364
4141
6259
8974
9453
4498
1588
2215
958
2865
2469
7200
6982
8539
3533
8521
6984
8168
1986
6627
6790
1076
2437
3658
4514
2376
6241
7200
2270
8159
3460
6032
8922
2212
4827
5185
7275
9369
7330
5584
4007
6092
2953
8328
4744
8037
2637
6636
5034
4682
6869
4123
6400
3043
3827
6915
8377
8075
7754
4259
2462
5199
7088
9821
7518
2843
6742
9770
9766
3965
2257
7322
3666
8194
7652
2516
7352
1980
9198
1428
9993
4452
2128
8293
9063
2604
4280
8314
6165
7149
3033
7823
2507
2480
4929
7179
1371
8807
1636
1094
8119
4031
1758
8224
6852
7781
8786
4913
1182
3016
8598
9327
9865
5313
3809
9907
1639
8193
3339
8354
1874
7938
2041
2636
5908
9186
7441
3675
3362
2528
7525
6381
3043
7672
5798
8803
8906
3220
7064
5452
3809
6398
9233
6155
2023
3424
7638
9275
4772
5029
4101
3324
1020
9900
8044
5207
6717
4013
3217
6744
8054
2876
1763
4293
7646
4594
7991
6791
997
3163
9000
7567
7225
4699
2174
1258
3950
924
4650
9067
1346
1264
1026
7086
9439
4671
5423
6396
3204
5153
5858
3752
7567
3685
4967
1560
8457
1266
6030
4470
1999
1486
3263
3293
8090
3128
8033
9445
2802
9852
6315
5493
9885
9973
5234
9523
7136
9130
2531
9215
7582
4609
7540
7442
7628
8463
3271
8718
7135
7783
2404
7735
853
9236
5871
4944
4570
1609
3875
8365
4841
5975
6851
1795
889
8442
978
7321
6603
7094
8945
7978
5041
7567
2307
4515
3540
3299
9329
952
6868
2219
9814
4523
5100
7119
1951
3043
7261
6075
5740
5608
8653
7528
8378
5089
3018
4907
2703
6097
3891
4886
9057
3037
4142
5999
1167
3879
3716
5506
5080
2525
3454
5706
3918
4026
5021
1717
7280
877
1970
2128
7792
9929
8078
1481
5748
9390
1076
8200
8346
6093
1515
4273
3770
8297
9123
2022
7440
3704
6950
1956
7265
3518
1871
7070
5181
6187
7838
7593
7752
1109
8852
2337
9685
1656
9489
8305
1437
3759
5896
8391
9516
1862
9129
5853
878
6430
4809
2465
6512
2924
1034
1272
4548
7042
5039
4091
5430
8582
4516
9175
5612
7021
1347
6448
8357
4785
8528
4843
1534
2076
3249
2180
5208
9622
8148
1050
7764
6919
6353
9374
2289
5738
8691
6032
1902
7602
4856
9185
2017
878
4388
6213
9519
7199
3796
5079
7352
1962
1677
2231
8023
7305
2865
3898
8063
6192
4518
6093
8495
7000
6192
6799
9458
1522
6044
3645
6576
4210
5040
5207
1842
8630
3936
2510
4351
4999
1752
7355
2015
3291
6794
4640
1752
2736
6902
3410
6227
6932
8118
4688
6323
5928
3680
6996
8514
7739
2935
5112
2351
3425
1272
7502
4611
1263
8764
3426
9852
8996
1035
5798
5272
8115
8631
6224
9258
8708
5411
8198
8217
2487
6831
862
2442
2062
6899
9594
4743
4348
5986
3131
4325
8572
2933
7609
2985
3773
4310
4042
2784
7067
6383
4242
9391
9540
7842
7959
1392
9816
3524
7417
4200
2180
1533
8938
8803
1177
4713
3240
9069
4194
6025
9783
8906
5906
8085
4258
1062
4850
8672
8427
7772
8412
7653
6712
5407
8105
8684
3287
8831
5252
3497
6028
8175
9489
4420
2951
1456
1488
3124
6034
4832
4300
5569
4163
1800
1829
3328
4070
1863
2437
4605
9593
9510
4963
7392
4874
9517
6853
883
8882
1030
9405
6586
5287
9902
1393
4207
4816
6854
6600
5552
4905
1807
2384
4311
2451
2077
4233
8434
3712
8872
2724
8537
1951
2849
5030
1312
7578
3998
7144
1730
7146
5528
3601
9014
3296
1974
8800
8106
7888
3563
9488
3297
2648
7638
5616
5573
8740
2703
5684
4387
7120
7526
1184
2198
6554
9680
5251
4407
9451
4490
9877
3775
5949
6574
2531
1816
6085
1972
5619
3265
5542
5691
6440
2538
1411
6053
2040
8039
1165
2699
2874
6859
7384
2969
9782
3263
4107
6015
6005
9029
9286
8257
917
6552
4521
1367
1539
893
4637
5046
1087
8388
9342
1821
3878
8002
4238
9898
3671
1150
4368
2514
4498
1707
7148
5445
6113
8434
1637
4100
7025
8437
6576
5288
3553
9239
6913
2568
6636
7607
3258
6956
9171
2034
1337
5119
3175
4493
5344
5717
2713
8337
7720
9182
2525
3557
9022
6569
9778
7443
4457
5549
1834
4195
7682
6274
7710
4761
3438
3218
8869
1332
9219
9876
6955
8371
7297
2105
8875
5051
3645
9907
5476
2262
9857
5400
3283
3150
1408
4466
9369
6022
2379
9706
9167
7111
2025
5015
6367
5778
2945
2947
3481
4617
4131
8434
9301
844
2082
2348
6385
7977
7780
1011
6187
4688
5029
5905
9676
8541
9979
6575
1770
6897
2162
1624
7499
4266
918
3465
8314
5331
1607
833
1692
7859
5430
2848
2405
8392
7235
2217
8797
5800
8310
969
2004
3075
7602
9398
1724
9554
2640
7537
2125
1668
5882
3350
3302
4801
4330
3848
1564
4112
9161
4279
6913
4091
4375
5383
3447
5008
2632
9643
1176
5529
7132
4606
3884
1798
7865
1105
5051
3380
2048
1675
6086
7960
5607
9738
8421
3293
1439
4574
3137
8959
3326
5257
4650
1706
8073
1001
7112
6383
9165
5092
3204
5023
2021
9530
9245
4060
9333
2994
3204
6443
6499
3822
5934
4802
6799
4941
6376
6663
6814
5802
3957
5578
6287
1967
1326
4220
2897
8283
5103
6068
7524
4153
3079
1913
3060
4806
5548
1844
8822
4806
2396
1863
6682
3434
2652
2430
1929
7145
4670
3221
6554
1603
5320
3827
7461
9153
7228
8358
1983
2122
6912
1596
9855
5785
7161
3747
1677
7994
4509
8905
5411
4903
6978
6863
7355
5031
8388
2142
5576
7638
4983
6201
6765
6619
5526
2905
1065
3979
2715
4079
6547
903
7988
4461
9258
8853
5687
7394
4322
9001
9631
9739
4365
5488
9397
9720
7377
8408
4192
1095
9222
8748
2350
3108
2445
5555
3635
8778
6867
6610
4231
9104
5116
5829
7338
7631
2081
7026
1580
4658
7231
2741
8887
6045
6141
8986
3170
9212
2240
7116
9415
6392
7720
4569
2948
4254
9992
7995
5622
7130
5455
4045
4286
5675
7837
9150
8223
6430
2826
8155
3534
6813
4303
9620
1959
2827
4732
2226
5778
6039
3947
7909
9357
7155
5796
6516
2149
965
1026
5064
6535
8571
9159
3200
4955
5603
1685
5262
8706
8419
6156
2284
7405
7017
5625
7805
8209
3998
6620
9149
4005
2072
2047
4655
7051
8209
6327
5190
7503
8566
2413
5607
8847
5922
8441
1754
913
9527
9125
7587
844
7003
6980
4491
8490
1869
2714
8745
2044
4818
3448
9255
3899
1284
1149
7064
9053
5950
4256
7971
2696
4316
7135
2328
2555
4207
6356
2010
2158
1191
6459
1844
5463
9995
5596
3666
3438
4375
9563
971
8667
1052
7814
2132
9838
5248
7462
7077
839
1097
9993
1885
9375
1224
4992
3451
7962
1793
6303
5928
6586
5547
2451
8183
5636
4836
5265
6031
2867
8313
9339
4875
3518
2913
1950
3287
1418
3857
5907
4671
8702
6122
9966
4689
5985
3874
4114
3388
1086
4235
968
6576
953
1143
9179
2878
4676
1619
6468
4134
8093
3760
5202
2856
2648
3072
7640
5969
6348
1006
9808
4653
4320
1868
2326
1058
9395
2977
3189
2312
5972
9396
9434
958
9792
6685
5500
3963
8491
4495
7958
9818
5071
7560
1217
1233
3151
3620
1614
3132
7920
2000
4910
5221
1979
2425
3598
9052
3836
2988
8214
2367
1213
8019
7095
3177
9918
4012
4399
7062
8253
1878
4609
8718
2294
7130
7117
8143
5676
9309
3662
832
5476
8010
9466
7007
6634
2135
7353
4838
2596
2855
5990
4502
9856
4075
7342
4665
2111
5452
8025
5906
7611
6211
4191
2773
6784
6216
9936
7704
1456
2003
1745
4065
1487
7237
2675
6219
6532
2310
8355
8808
6229
5327
5989
4353
3719
5512
8099
7884
7672
4902
7442
5898
3105
3157
8122
1211
9143
2271
9464
8345
8637
1923
5268
7167
6076
5248
1044
3656
5246
5279
8275
4244
8999
6546
9145
1433
1757
2345
5289
5593
4679
6430
1166
1626
5076
2022
4394
8971
4499
7577
8121
8754
8356
5239
1386
4535
4312
5331
7907
3744
6252
7636
1376
1332
8612
8306
9937
7605
7898
8820
5114
5648
7423
7572
3634
4107
6291
5585
3464
8049
2498
5692
976
5747
1555
913
5137
7618
1942
8135
2027
1865
9164
4935
1128
8146
3812
9558
3684
5713
4908
4923
8554
9477
6316
9341
6246
8478
1019
6321
7411
1742
5026
1788
9872
1013
4152
7725
8487
5488
5633
2509
853
9179
2786
6575
3828
2972
7443
5779
9292
7073
9042
1252
3805
2548
8927
2927
9094
8032
1498
1786
9373
9502
8614
2566
5829
2124
7482
5089
2230
8154
9168
6276
1850
8178
1614
7346
827
4104
3734
5734
6717
9441
3608
4340
9733
5945
6548
3879
6155
3750
1258
2923
7401
2897
6437
2075
7444
1521
9939
6405
9544
9683
3163
8533
975
2119
8334
5534
1567
4713
5081
1184
2903
4245
4295
8852
4254
6178
8831
1800
7783
8228
7715
1557
5381
2888
6433
960
7566
7976
9811
2307
6695
3395
1193
9551
9459
7423
1144
4063
5728
9742
3955
2464
3817
3845
3390
6423
5196
6693
8706
7777
1617
1356
3399
1048
4908
9680
2660
6805
4800
1138
9388
8177
8440
3091
6463
2288
1125
3818
4735
6628
9325
8238
7148
5289
7857
1480
7135
5929
6988
5149
9853
8720
2466
5847
8923
9240
5935
8504
8622
2347
7880
3246
4795
5271
9402
8483
4305
2046
9026
3490
6175
1509
3327
1793
7637
5422
2245
5619
973
7561
9362
3254
3925
1490
5808
7411
3139
5596
9653
2960
3442
3923
1048
1384
2100
8601
4900
2278
3408
6656
2664
1861
9383
6420
7766
1251
8493
6283
3077
2220
9764
7097
6125
8510
1257
7687
3062
4170
5403
8130
9625
6137
4976
8959
6490
7543
9079
4863
6662
5374
3695
5871
859
8466
5766
2467
8245
9730
1520
5730
1977
3965
1909
4453
2454
9423
6414
3618
9073
5756
4129
3645
8736
8671
7349
4426
8056
2647
3576
7143
9644
9303
8057
6014
8763
5034
9055
9666
2031
4153
8040
7046
7396
7847
5838
2397
8740
6454
2870
2565
6695
2700
3317
1845
5425
3716
5604
8256
6743
3842
4761
6839
4353
7562
4144
6608
2371
3287
5810
8768
2935
5049
8584
1355
5029
7552
9411
4394
4506
7987
6487
6816
4438
4923
4635
2842
2359
1461
4837
8546
1695
4663
9273
3342
7707
9926
1580
9803
8228
8125
4485
3559
5515
5281
8127
7660
2500
1264
6094
2948
8056
1484
2489
2924
4123
7162
5783
5872
7902
5065
8330
9217
5892
3747
912
5837
1575
8190
3095
8173
2044
1864
1974
8238
6733
3209
9490
7679
4680
9756
8893
1601
4020
3326
4381
3415
3119
5372
1119
8833
6141
3481
7364
7907
3019
6432
3580
4672
9573
7040
1150
8297
3636
1001
8787
4323
1613
4140
6090
5030
9358
1835
2702
3810
8775
7745
7056
7034
4522
2818
9038
5410
6466
5861
5139
6786
7734
6479
6690
8460
9693
8125
5584
3049
8877
8876
8073
9518
3142
3360
830
2735
8841
5872
3456
7259
9219
1359
9657
5905
5723
1638
4372
2114
2357
8610
6357
7159
3980
7637
1565
8471
8269
9562
7219
9984
2166
931
3607
5214
6757
6397
7495
1988
6012
7015
3830
1799
7843
4402
5839
8070
3760
7473
3339
2153
6242
6494
9527
2954
5758
1451
7579
1594
3012
3253
5255
6305
3318
2194
3698
5633
4437
6325
6956
6386
7507
9631
5672
9047
4925
2425
8924
3031
1519
9145
1861
3009
2417
8467
5908
8374
4780
7607
3814
4455
9025
7219
5111
1651
8604
6312
6871
6733
7062
5312
5049
2536
9182
6316
2614
3364
3105
8377
7173
2611
6855
7370
3641
5789
4331
8023
6978
8114
4677
9624
5743
2735
2855
4765
9664
3188
7067
5738
8322
7739
6613
5469
6634
6663
9888
8329
9955
7483
2147
4541
6239
2793
3329
8970
4534
8569
5740
8637
4384
8702
9774
6306
4413
6716
8890
2553
5199
9695
6887
8607
6868
9193
8604
9792
6403
9766
3342
9377
3401
4825
4522
4252
1414
8223
4590
9036
2356
3389
6081
4908
6498
1424
7045
2433
8913
3214
1649
9762
9909
8382
9029
8910
7785
7347
3687
9184
8032
1193
9867
9239
4950
3494
9680
5230
3944
6053
3748
7666
2795
5857
9294
1549
9090
3505
9175
1214
1923
9606
3316
8039
9907
8183
5772
5330
5932
5602
7615
4249
5688
3003
8106
6735
4546
7062
5203
2099
2888
1384
7182
8205
5462
7384
2946
9772
7093
8927
6402
7247
5631
988
3007
9839
8194
3996
5616
5194
1484
5639
5287
3210
5375
7798
7668
9785
859
8963
7673
8686
3203
4865
6663
6359
8543
2512
4458
2948
3610
4356
2262
3541
9840
6388
7164
7069
8406
8067
5620
5317
6766
8919
6309
6410
7078
2252
7879
2523
8160
6730
9285
3332
7687
4652
9332
5087
6522
1816
3379
7168
7248
9582
8300
2112
5607
6615
3919
5763
1599
7250
9705
9309
7799
5524
2781
6078
6442
7524
3972
2812
9810
1880
3676
1938
3412
7571
2063
8013
3704
9602
9121
1297
3378
2410
1172
6972
2056
3308
8712
7673
7567
7707
5471
7955
2234
8541
1231
4182
1950
1562
9102
6958
1466
7979
2560
7218
9112
5817
9120
4769
7467
7267
5377
2790
5253
3113
2365
2711
6852
1600
9373
2646
6467
7960
1173
2820
4653
3363
3710
3064
2089
2623
8657
8381
9947
6170
9990
1314
6204
3859
7324
5130
6309
3390
3900
7586
8480
7464
2095
1887
9714
4387
1260
5964
2312
9154
8336
7077
2810
9763
3357
8929
1913
6693
3650
7772
5284
7331
5473
2071
8194
6249
4274
1175
8034
8629
5294
8761
4898
6176
7436
7898
3981
6156
5836
5863
6556
2793
1535
9052
7111
1366
4988
9074
9100
9967
2728
4781
4134
2269
4976
5590
9689
8522
6763
2303
6700
2043
6666
9557
2971
1697
5903
1721
1454
929
5224
1624
6251
4437
875
8401
4741
7715
4922
2365
2754
2067
9617
1034
6326
5269
4798
1917
8985
1809
9191
5740
7931
3498
9554
2684
1564
2207
7249
9703
1159
9995
2114
3460
7598
8286
7210
1943
4339
6106
1065
1423
6050
7321
2589
5178
5330
6560
6165
2698
1347
3409
2846
1957
7706
5915
4168
2599
2441
1423
6633
7401
8066
8694
6107
7082
9063
2167
3642
4171
9482
2086
1986
4107
1178
8433
5329
9751
4937
6925
6678
5781
3505
1691
2195
4758
6077
1385
9503
1512
1581
6420
9389
3660
1223
7292
9781
7117
9894
861
8649
8524
3631
3186
3863
7498
1800
8085
4566
9366
5582
5567
9423
5182
7741
9310
1859
1633
2214
3783
3850
8294
5319
4062
3271
1984
7893
9811
4087
3341
5308
8155
5160
7701
2818
6044
9999
8785
2585
2099
4139
9617
3993
9092
3983
1851
2343
6837
9511
2803
6823
2755
7273
7878
9637
2679
4109
5595
2908
4171
9984
8750
8173
7614
5311
4935
5969
1653
8754
3829
2952
8024
5251
6426
4955
2143
9807
6687
5722
3353
4805
3905
4118
5447
1551
2869
4475
6345
3673
1801
3299
9591
4103
976
4387
8881
1163
3471
2288
9743
5445
7456
7317
3574
1683
7786
7501
3282
2200
938
2303
3348
6357
3425
8505
3103
9660
8647
1648
3153
3879
2119
5623
6514
9353
1259
8561
6211
9993
1149
5257
5092
8194
2768
5230
5378
1330
4200
7244
3210
1523
8439
7319
8995
3642
5262
7299
6207
7106
6848
6752
9067
9479
8007
8266
1035
9035
8068
4913
5768
7559
1740
8347
9310
8801
3546
2776
5565
971
1107
7830
8330
4067
4270
2539
8876
2936
4970
4003
1851
4608
3757
9193
3163
8713
7365
4464
6076
5350
3413
6196
3051
1696
3231
4060
1906
5425
5382
7054
9305
2362
9506
8119
3850
2692
1501
1532
2910
3187
5718
6109
9560
2536
8922
3441
7214
7359
5100
9924
6149
5976
8558
3426
2175
2512
2839
9092
6293
7275
3679
9521
5796
2601
1830
2539
6966
5355
2598
3531
9228
5109
7716
5633
8913
6666
9569
1483
1213
6707
9289
4765
5379
5143
4094
8061
6103
5969
4487
9948
1541
1171
3625
7238
5371
9038
5654
9090
2012
7564
9717
1422
1272
933
3830
2525
1600
7678
7334
2515
3328
9914
3243
1441
6945
5390
6799
2350
7388
6033
2699
5522
6875
1848
7867
6535
3440
9201
8909
3234
9892
5140
5857
3117
9729
4761
7615
6436
3174
3671
8088
5827
2766
4575
2549
4296
2075
3001
6404
992
7702
8852
6817
9226
9163
2058
1607
7841
1791
1053
3036
8162
4425
5745
4976
5907
5515
4612
8892
3834
6362
3615
8836
1830
1400
9485
1236
3023
9952
1800
9988
5875
8970
951
3044
3156
2819
5246
6630
2229
5832
7865
3677
8350
9213
3360
892
5448
1725
2587
9544
8884
6512
6517
9563
9570
7791
6000
3918
2434
2949
8243
2654
1364
7163
5575
8995
4910
1548
989
2114
7706
4025
4632
7242
8811
3871
6901
3026
4398
8661
9834
3243
2047
5971
1843
6716
8352
9731
8599
7144
7424
2871
4046
5627
8170
6919
9478
9297
1272
7021
8086
3733
8619
1754
2701
9385
7011
9022
8646
2714
5985
9729
6874
8895
7850
5312
1862
3825
9594
2776
5533
3970
8533
9492
9614
6384
1871
8842
3754
9555
1111
6400
2828
1936
5743
7815
4374
6712
3110
9485
4255
6004
9633
831
4002
5987
4412
3838
5355
5609
5344
3130
7570
8911
1883
5421
8639
5522
7567
4748
9770
9403
826
4432
3721
9166
1546
8059
3942
1858
4203
3480
8948
4358
8505
8961
5706
4268
3644
9989
5420
7340
5981
5599
8464
8843
2222
6474
6187
9865
8615
7456
9909
7908
9905
7590
9385
4170
4384
1928
9475
9174
8372
8683
6006
1735
1961
982
3442
8152
8512
2594
4431
4328
7866
9001
1244
5836
7965
2944
9110
5273
6414
6068
5127
7320
9456
3431
8265
4239
2936
3198
5137
8668
7488
8462
3833
1712
9774
2322
9300
8190
7452
2254
2106
7350
1421
8549
1276
6618
6625
8592
4409
9538
7137
4568
5141
1819
5683
3583
5261
3600
3348
9970
2783
2017
9161
3212
1171
5811
7423
3696
3109
2261
1838
1226
1389
8195
5472
7463
9121
8520
6698
5180
6230
1999
3049
865
3677
3488
8122
9067
9614
4660
3728
1593
9536
9638
4100
4946
5457
8983
3034
9963
9882
7830
3523
9337
9653
2854
7434
9765
8116
2326
3912
8809
9388
4914
5744
8111
6894
7152
6390
2012
6208
6456
9593
1165
910
2843
3055
1363
8642
9356
8590
7467
5486
3252
2210
3427
3629
4734
8068
9189
6791
8335
956
3407
2028
5261
6031
6089
7626
8503
2124
9876
9580
8313
5368
1961
4216
5663
9234
1180
1658
6240
8599
6129
5702
9226
2597
2938
2382
4501
3801
5348
3918
6823
1691
4336
5087
8104
5181
8722
4765
6193
7495
5599
1839
839
6628
6175
4340
2890
1288
2289
5514
6127
4581
4408
8428
6058
4684
8852
8171
4998
4888
7301
5140
960
9191
6942
3779
5939
5803
9636
8098
3314
7547
5905
3875
5385
8344
8960
4598
2535
5751
9759
2789
6039
5706
9505
9941
4216
3149
5032
4998
6856
4092
8874
9308
6839
5905
6903
9977
2642
4115
8489
5718
4272
7460
4113
5922
6144
832
7685
1033
9394
1255
3213
1741
9967
4375
3749
1378
3475
7776
7810
4037
3800
9687
3905
1571
5666
2199
6724
9752
2585
3220
1046
6011
7999
9382
2292
6588
7371
9490
8979
6488
8445
5933
5106
1114
8672
8654
2527
1421
7308
2651
2485
3853
4309
8121
5614
3521
7993
2016
3894
3261
1842
3429
8003
7209
8577
4341
8774
9986
8214
7437
7417
2145
9855
8301
1249
9689
3430
6227
929
4102
5287
4438
3370
2459
1833
9158
5552
5074
5857
6020
9724
8733
2760
7693
6066
6706
7584
2855
3390
8693
4078
3914
6591
3759
9574
8463
5861
2272
8669
2549
7031
2651
7242
3201
8238
6547
7151
9229
8635
3494
7268
5558
3685
7788
2127
4234
8466
3030
7475
5070
7980
5993
7116
7369
7432
2207
5018
9074
1385
3658
9246
2515
9887
7992
5886
5147
6218
8343
3405
4191
7628
1309
3058
4412
1366
7113
4635
952
9364
8352
1258
5772
7205
3926
9562
8256
2608
6468
909
1218
932
7053
8824
1231
2279
4972
3346
7828
7115
9311
3166
4582
4568
8554
8923
3692
8166
8397
1047
3234
7537
1846
4735
6864
3207
5837
6634
7480
2294
9155
1160
2589
4330
1997
6492
5187
3792
1250
6095
7262
3636
3478
6359
5580
7592
9252
2534
3277
2128
1143
9375
7672
8798
1716
914
849
7293
1324
8002
9325
8220
5946
2380
3942
9226
4245
8268
6219
5452
8751
4460
8657
7210
4541
8785
3243
7524
6867
4051
3061
2208
5797
4651
5008
2962
9678
3991
2997
1648
4210
8212
4893
8662
8380
6684
5717
2091
9053
7532
6523
9597
5410
4612
3120
8279
5123
8755
5340
3910
8023
9188
3119
7889
1666
8435
8299
3666
7816
1234
8473
992
9398
3460
1645
7724
8681
4105
6754
6063
8619
5091
5817
8049
5561
7420
4894
6509
8159
7212
7322
5084
7096
9000
3123
5871
7188
3800
4786
2072
7122
9887
1361
4820
9450
1947
8696
7413
6065
1431
5396
9575
9029
4841
6182
1416
5365
1700
4042
5630
3942
8378
5791
3221
1837
2242
8419
6479
4097
3727
855
2205
9235
9134
3562
870
1786
1385
5824
1292
8761
9426
1134
6943
1325
3086
4477
7369
3274
3618
5993
9790
6675
5672
1215
8073
8311
3600
3535
1941
8257
2689
6714
4210
3953
8860
4352
4241
3855
902
9022
6757
4789
8736
8333
2352
8780
6109
9036
4858
9474
2059
4708
2964
1814
7540
6095
4159
4766
4943
4320
2978
5828
1767
4331
1452
8088
9280
904
7177
5066
994
2914
7187
6603
3645
4602
7758
2792
7836
7453
5474
4669
9232
2771
3934
3952
7981
8842
3838
2504
2302
1010
4846
9485
9956
9696
3696
5465
5797
1770
6448
3650
7678
7708
4722
6670
7515
4131
4530
1041
4230
5208
2913
5061
7009
3057
1136
6835
3684
6741
2079
8089
5929
6128
2914
1935
4418
4486
8654
950
2900
6975
8282
7267
4702
5181
8115
7888
5183
6333
8153
8084
2369
2558
8339
4899
7127
7378
6192
3348
6999
7803
5699
7068
5236
1748
6550
7956
1523
9357
1048
7367
1348
7994
1388
5317
6290
8062
8935
3099
7689
2495
9005
5345
3222
1317
2899
5105
1987
2501
3470
5466
3622
9556
1351
3781
2387
7421
5821
4665
5780
8256
7772
4634
2224
4576
5090
2030
9608
1754
9359
3637
3150
9416
1984
5620
7705
9650
6077
9299
9671
9010
7260
4575
1369
7560
2627
1923
5469
7564
2487
4689
5553
4655
4923
1110
6849
6261
5136
9852
1836
4755
6257
987
1093
6217
4016
8360
8466
3087
1852
1212
5899
9587
1584
1146
7643
6118
9496
8759
1460
2201
4358
7287
6528
8135
4984
5451
2227
3185
7702
8010
2074
1830
6077
3482
4856
1559
2434
4616
9546
1686
9658
8045
2585
7145
7273
6032
1656
5843
6469
8545
6956
9850
7355
7811
1378
1183
9801
8207
9950
4923
7645
5169
5276
8462
9688
7838
6508
8205
6932
1845
991
6744
4730
1767
1740
3363
6008
8600
5018
5151
7815
9855
3959
8233
1466
3285
9717
7164
7524
6728
9902
7421
6141
933
9870
8315
3888
5901
4166
4292
2202
5144
1542
1213
7696
1651
4230
4234
3780
9562
7664
6395
7127
5303
1409
4884
5819
4072
3686
5115
1077
6608
5054
9436
2362
6141
2421
7960
9603
5171
9073
4849
3689
6677
1718
7136
9551
6933
1350
6661
1290
6959
1008
6098
6853
6153
9123
6913
8752
3023
2419
4994
6743
9240
2376
8556
8541
957
2488
6204
7608
5966
6786
9772
5226
3308
9014
2475
3599
9578
7091
2290
5458
5452
6862
9025
5790
3347
9834
2227
4656
8513
9657
9332
9599
4419
8109
914
5520
9134
3182
4088
4945
2964
5405
6174
3376
4690
958
8863
5261
6937
5486
5574
9143
4826
7186
1782
2145
7280
3376
6824
1031
4687
3691
7726
9095
8473
7432
5087
9891
8217
7901
2279
7188
3365
9101
8258
4395
2890
1679
8079
3244
5072
9013
1008
4685
6786
5767
3699
2830
6316
1138
1955
9287
1929
5741
7909
1608
5981
1641
8008
8719
8681
7329
8958
7799
3805
4353
9488
3297
9615
3710
8791
8500
2173
4425
5680
7777
3513
7287
8193
3589
9324
4315
7781
7117
3265
5796
9816
4216
9739
4419
4516
7922
2770
2443
6374
8110
876
4084
4940
5482
3120
9378
1239
9353
8616
9010
4844
9239
7597
6900
7657
6630
4102
9266
9105
2178
6826
9642
4301
7529
5083
8369
8213
7340
7532
7725
1425
2524
2340
6642
2925
2290
2572
2149
1782
6572
7856
9294
8272
1271
5762
9100
8457
9463
5059
4354
8101
7477
4195
9801
8395
9197
7676
5688
4751
5546
5526
6663
2283
4104
8284
9892
7969
8538
6437
9245
8084
8680
3753
5192
9047
1082
3710
2029
8467
1185
3443
8512
2402
6577
3066
4588
7436
9642
8348
4946
1040
7697
2391
4876
3982
4308
9368
2819
6048
6487
5024
9869
1977
6157
3620
2393
4077
7726
3418
2577
3610
8694
4838
6963
9386
4421
6314
8921
890
8648
6886
8540
5723
4487
4038
6706
7003
959
8151
8164
3740
9086
9909
6990
4804
3148
1531
4947
8217
9686
2125
2670
3348
7361
4634
9458
5300
8883
8642
8589
2272
1796
3883
8766
3320
4547
3132
5140
7130
7771
1851
5415
5564
7489
7690
9013
2116
2465
9009
1414
6175
7476
5758
2195
8044
2204
7298
1125
3751
8345
9848
8639
9648
971
1699
1269
7269
2106
1823
5978
5810
9572
2067
9881
7413
4193
1818
2990
6222
9763
2386
3723
1400
7033
1593
4470
9661
4857
7373
8492
9536
2210
8884
7210
954
8645
3474
8956
8843
6468
3604
8877
4637
9435
6692
5027
8327
5459
1346
6846
5883
6727
996
5866
8792
8819
7969
1691
8229
6015
5714
8406
4592
4672
6003
2469
7414
8004
9885
2503
6416
9926
3992
7745
2385
7083
8082
9542
3844
2599
2379
1397
5711
7396
4725
9140
3488
6163
3931
7704
4242
7694
3103
1476
4693
3823
2794
8669
3399
3131
4329
2151
4275
1678
3874
8176
4536
9156
8201
3996
6981
4480
6306
6737
9932
8628
6717
4485
4805
3004
3403
7261
3730
3848
1967
4602
1859
7853
7398
3016
4184
8679
8847
4279
8098
8209
2001
2426
3791
2338
8177
9263
9308
7669
5617
5040
1519
4384
8132
3570
8258
1968
1030
5844
8683
3108
5990
9167
2059
1387
5418
8739
4954
6409
1420
8818
4140
8041
7213
3650
7702
6743
3092
7303
2081
3662
1171
2356
9420
2711
8962
8961
8575
5310
7696
9247
6175
5282
5143
6811
3587
1015
8376
6552
5997
3566
3449
8695
1953
2966
2771
8578
4451
8683
5288
4882
6133
6343
5052
3064
1415
2803
8830
5715
2069
5527
5571
2231
3690
3521
5097
3531
4659
6839
9776
7683
7908
7950
6929
6936
2283
3913
3085
1139
2855
3603
3990
833
6499
4392
6314
2022
5956
9105
4335
3757
3242
7854
2298
6663
7343
5374
9621
6190
3688
6075
3329
5683
1393
8584
6452
9699
886
4393
1412
4689
3626
8433
2358
9850
6119
9164
4617
7085
832
9061
6864
9695
1137
8634
5641
5089
3532
956
6915
8084
924
5629
3072
3473
2263
5523
4341
7538
9508
9298
2172
9634
6392
7622
8935
9835
8082
4759
6756
7114
4818
3636
8240
7846
9045
4969
8994
3334
7344
8710
6371
6862
1650
4286
4263
8520
4560
7301
6919
2530
3806
4586
5354
5626
3367
5580
4121
6456
2327
9680
2281
1192
3696
2024
3089
854
3698
5666
4015
9548
7890
9732
6318
1985
9873
4979
7478
5279
6144
3736
3725
5283
3459
6353
3509
3264
4105
6793
5834
7414
1890
4388
2549
6983
5854
3946
7168
1003
5365
5676
2896
3716
8714
5371
4993
7305
3815
9560
6603
5591
9563
3375
4622
1893
3136
9817
4873
1041
1528
9867
4045
8130
2674
8060
1913
2441
3934
5999
5470
5752
6958
7043
7716
1438
8060
4665
7559
4815
6371
8765
2445
5208
3716
6192
8547
2399
4955
6458
7479
6858
6935
4364
5085
9087
7017
8858
6214
9461
4850
1485
4538
9811
2183
4244
7709
3853
4376
1889
2151
4239
3152
4138
9914
3243
1136
6766
2628
6817
1208
8527
828
5476
9223
4257
1024
3750
1229
4410
2155
2008
1910
1813
1952
4614
9897
5447
5600
4704
9558
7629
5299
3296
914
1129
5873
8090
2886
5461
1882
2120
7553
5588
5422
5317
1090
9765
6570
4222
6094
3721
8099
2019
6212
7726
3309
4566
7236
1598
3634
9015
5380
9942
2700
3942
4448
2958
4700
2606
6263
1766
4678
3278
3728
7248
5612
8451
7653
8431
2362
3611
2460
3906
7840
5075
9929
9224
9880
2642
1377
8613
7600
8215
2887
4790
2501
4523
9450
5157
7444
4860
5103
2083
9730
4290
6187
8178
5682
8573
871
6078
7935
8747
8108
7603
7287
1845
6464
4518
5249
1828
859
6056
4071
1121
5505
2392
8474
7103
2584
1849
1359
5365
8564
925
2271
8051
913
8636
8904
1984
1896
6010
868
4678
3805
2690
3805
5059
4693
4535
3538
1560
1832
5346
2738
3861
7353
5277
7621
8578
8055
3249
4739
8693
5710
3098
4417
2900
4396
4162
8750
1464
2573
7579
5446
8693
927
3969
8866
4190
8725
7565
7823
2889
7915
8447
3464
1650
2139
1459
5139
7533
4907
5503
5838
1549
1710
4453
6351
4632
8920
8406
8693
2924
5066
2118
2686
1627
6545
6674
8213
2292
2583
5733
5079
7280
7698
1023
5619
8499
2621
2967
3463
9023
8151
1933
2989
7558
7275
8183
5384
7806
1288
4326
8525
5888
4473
3064
6756
8410
9824
3625
6359
5029
4948
6489
1749
8631
7270
5996
4816
2356
6780
5349
8969
8370
8697
4459
4681
1448
6326
7346
7006
4885
6649
2007
8291
2067
4100
4788
6334
4575
9122
1987
1260
4935
6535
6388
7515
894
7658
9533
7395
8116
8435
9019
9506
9814
5251
8753
4093
8667
4574
9598
8609
2972
7252
4295
884
994
1146
5457
7192
8875
2484
5958
5325
4394
1076
3693
4836
2479
5304
1873
6999
8440
9679
1093
2505
9788
3955
4865
2114
3073
8770
8256
4389
7902
7101
3145
3635
4744
1021
4283
5320
6128
8808
4061
7780
2812
2390
7542
8358
5783
4703
9898
8309
5796
5082
1650
9089
5667
5021
3166
1664
2322
7527
5000
2962
8385
2577
6057
2423
8780
6978
3906
7094
3995
9280
9620
9076
2309
5037
3307
2765
8767
7625
4538
9793
5511
1348
1696
9883
4881
5275
7980
1993
6662
6909
4786
7190
1106
2710
7476
4759
5622
2356
6878
3582
1110
4042
4330
3765
1281
3842
5999
8417
5351
7623
907
9686
3312
4785
1550
5488
3959
8184
7156
4309
1412
2256
2110
5763
6303
4718
8540
2570
9304
3520
1054
1438
3964
9655
9075
8281
6417
8665
5189
9038
4506
7572
1387
6911
8962
9365
5005
3336
4078
7514
5877
5767
6522
3382
9343
8828
4593
8319
8777
4955
8525
833
9019
2815
9507
8748
4017
1843
5818
3929
7261
4749
9414
8255
1537
1351
5484
4587
1866
5904
2933
8616
4432
6653
3130
6614
1073
6065
4077
3019
9065
6236
4250
7547
7885
3859
2989
7666
4070
2185
8181
9884
4533
4913
7686
1138
7539
8765
9187
2382
4596
1005
1880
3544
3939
4232
1914
6168
9479
3802
9914
9765
1831
4252
2262
2801
4905
1249
1501
1993
2371
3284
5554
8683
4807
5851
7575
9057
7966
1673
5693
4811
3323
1832
3207
8853
1394
7481
2326
4737
4418
5771
3350
905
1266
5431
2766
5623
5013
1665
5382
9537
4310
7978
3401
9151
3361
3669
4869
1041
3264
3525
1057
4228
1712
6748
4655
7361
8337
7228
8434
1659
9468
2349
6587
9545
3850
2540
4057
5822
9949
1740
9028
6677
4604
4021
5840
6043
3444
3611
5326
5226
3043
7170
8496
7148
9610
1459
3074
4563
9307
4589
8757
3334
9403
5946
3062
9340
3887
9924
9073
8223
7800
8716
6748
6975
5690
5219
1245
4427
2335
970
9938
1367
3017
4409
8608
1569
4771
4588
5830
1362
4497
894
8171
8941
2778
1691
5341
1632
3964
2621
1482
1953
4062
4923
1543
2966
9865
7095
4419
6036
4135
9977
6659
933
8917
6602
3772
7079
1915
2951
9226
5298
2416
7220
3483
6283
3073
3312
7654
8470
3033
6130
6689
9362
9368
6751
6960
6369
9801
8108
7828
8586
6063
1429
7522
2967
2793
988
1854
6962
4062
8258
1191
5299
8890
9850
7447
5001
1908
873
1532
6271
9300
6431
1826
7338
5673
2515
6787
1598
5212
6071
2812
9346
6948
5914
1824
5452
5044
1960
9058
3804
9765
1576
7437
7344
2826
3734
9624
4854
2699
3058
1269
7936
6519
6734
7699
1477
947
2268
4578
4694
5821
4611
9384
1440
7312
4622
5966
7122
4700
3602
2169
2231
4252
8539
4822
8942
1596
5050
8390
7361
9050
2847
4803
8104
7567
8923
7540
4319
8656
9790
4050
7071
6466
2931
7214
1507
1416
8303
6040
1219
7365
5225
8053
4067
8220
6875
2123
3627
1413
1625
8796
1631
2872
6219
7731
9093
7223
8967
2824
1122
7129
5056
1763
5975
8351
9750
3527
4816
4143
1251
2699
5529
1306
6575
1134
3714
2457
8513
5316
9391
3435
6892
2270
4991
7911
3456
5221
3147
7887
9520
7493
6753
8161
7614
4885
8742
2633
1460
1829
6291
882
9027
5753
9320
9605
3710
3812
4316
2519
1778
9963
9784
8680
4508
3694
3934
4205
3247
4324
4645
3471
9179
9725
2308
6062
3752
8474
9651
1693
4925
9656
3923
5972
8742
3560
5002
1576
4142
5530
5418
1763
2310
9839
2389
5420
5719
2810
3853
9044
5757
4180
8957
4411
4593
9896
1748
7334
7445
4843
6607
9894
7908
3290
3556
7185
5267
7930
3145
6432
1108
5717
3525
7151
4041
5466
2311
6055
8922
1740
3101
1227
4745
2928
1758
5847
4994
1802
1844
3540
9643
8683
6975
2056
1435
1713
9412
7519
6999
8860
6466
9583
8546
8900
2754
4400
6857
5561
8861
2746
6367
7255
6520
2444
6633
8886
5374
5424
6776
8862
3324
4421
2690
3656
3593
3950
4558
2626
4390
7623
6383
1684
6075
3664
3933
5582
6881
2398
3455
3505
5750
3165
7374
3984
7048
3905
7261
9992
2779
6642
9082
2233
4058
2410
841
6103
1396
4651
7652
2526
6932
6983
4349
1470
1017
3487
3915
4900
4729
8197
1174
6283
6003
840
5092
2498
4267
3180
4331
3121
2739
7243
7155
8116
5285
4874
4778
3115
1686
4131
4184
6492
4108
9824
8689
4218
2568
6321
4186
6925
4202
5052
4528
5553
2463
8352
5128
3973
8665
4705
1926
9749
4204
9672
2993
2340
6804
2302
7326
1699
5191
8553
5244
3109
3762
9417
5118
5953
9307
5589
9547
7572
1156
6868
9465
9957
3853
5113
1526
6120
8425
5813
883
1350
984
9791
6379
6607
1837
8685
4378
1384
3548
8866
947
7520
2992
6864
6346
9587
9749
9917
8477
3233
3186
8920
7789
5264
9629
931
3624
6569
6296
3098
3273
4028
9536
5718
5806
3470
5935
1981
8022
5253
2920
2445
7611
2332
7522
1745
9997
2543
2651
2486
9685
5127
7808
8052
9703
1182
5008
7339
8831
1238
2217
7021
3468
9802
9646
6732
1743
8595
3833
1153
2289
1760
6667
1417
5659
1469
6628
7052
9159
5028
7361
5510
5577
1170
879
1780
5412
1982
7808
1247
3071
3744
3601
6695
3462
6786
1921
7237
9745
5041
2220
2696
3868
2560
6188
9497
7616
2312
9830
6694
3826
6492
4140
5589
7797
7323
7615
7678
5955
1341
6378
3774
1853
5817
1826
4576
5704
975
7290
3524
6157
3826
6991
2585
4259
5805
5837
9816
9803
9687
2285
1861
2043
4119
1885
7231
8403
3715
7410
7419
3759
3122
8805
5296
7675
10000
3198
1914
4599
7762
2476
5841
1639
4694
1994
5216
5834
6531
9759
8697
4739
8462
9933
4449
8320
5410
8895
1325
3738
1972
6918
9376
867
9923
6536
7792
3364
8859
4989
1865
4280
4059
8494
2606
2785
5083
5666
7088
9108
2227
9485
8888
9399
9812
8703
9212
6883
4462
5931
6052
9486
4692
5769
5319
9784
4199
2578
2870
5660
5278
8426
1342
2788
1219
1928
4254
7344
5056
3171
982
4158
2214
7421
6935
5667
6305
9621
5815
7805
9456
2599
7619
2917
3002
9702
3048
8379
6345
8992
2031
3342
9951
2092
4956
9888
7066
8455
6535
2498
4877
6051
6538
1341
9233
9825
6507
3213
9939
6536
7206
7585
5974
3242
2504
4834
4715
6039
1218
5426
6488
8989
8036
9454
8531
9028
851
3551
5495
8450
5746
9845
8431
6159
3027
5458
5067
3366
4223
1306
9884
7483
9286
4864
9953
7579
9860
5485
5756
9948
4578
5181
1658
9206
1422
1854
3960
9684
6891
5152
5964
8676
4664
3952
8077
6333
1271
8537
5165
3440
1554
6999
7812
6995
3952
2362
7987
5758
3852
7015
3910
1878
7830
5891
1315
9937
8865
9586
9013
7165
1204
5964
5544
6254
4962
9159
6283
1553
7724
1354
2175
4965
9773
7929
6042
3521
7529
5526
8706
6354
2710
6169
6979
7286
8387
7376
2868
7243
3101
7231
6941
5031
2156
1495
3826
1301
2703
9162
7379
984
3970
4910
2071
5163
9544
5848
9553
9062
1955
5064
1857
3957
9949
1637
8627
9747
5527
6082
1207
1519
9119
1123
9051
6913
4212
2694
1858
7574
5518
1111
1020
1976
8001
3833
9668
8148
6500
9913
8628
7162
7912
1034
9851
5786
5100
2196
6789
4326
1653
1608
4228
1814
3893
7402
5682
3034
7286
3388
3037
9547
8608
4489
9954
1954
3914
1952
892
3618
5631
1575
1696
1039
5423
9141
6558
8019
8865
2192
6298
7962
3023
5302
4229
1712
844
6327
1860
6632
2073
4645
3461
3292
2728
6428
7281
7362
9602
3232
2871
5349
9170
1034
4880
4648
2044
8887
6093
1935
1709
7677
8713
2858
5695
5330
7438
9704
9808
7029
7052
3361
9832
3853
2286
6898
3247
6456
2290
7363
